54
49
119
41
62
41
108
41
104
73
57
186
145
126
416
46
116
96
45
51
55
56
72
85
273
71
136
349
192
340
80
114
173
108
226
62
82
83
76
105
93
49
118
42
293
83
167
99
80
236
108
93
116
109
53
53
160
80
50
347
122
65
130
210
44
113
119
59
49
44
187
80
89
115
159
182
77
119
71
52
201
343
57
343
280
136
60
76
325
41
51
98
43
141
67
434
65
319
64
86
51
66
135
47
55
298
78
56
100
82
107
190
268
604
73
57
147
61
43
112
119
136
48
50
139
112
125
86
83
80
83
45
68
57
64
50
118
92
45
116
267
165
63
147
43
112
43
279
174
53
79
68
218
44
124
73
145
103
376
44
155
167
49
90
127
41
66
227
48
161
163
60
59
61
203
246
72
116
129
71
46
65
692
71
120
67
62
77
189
41
120
243
163
49
69
103
100
208
41
369
489
91
49
71
438
204
129
70
190
299
439
67
111
240
42
74
45
44
46
76
146
93
468
62
287
614
129
98
53
75
77
80
172
285
57
172
73
89
45
111
88
84
64
67
123
59
52
305
138
60
275
48
114
69
72
48
209
68
74
254
74
119
146
441
45
77
399
42
62
61
119
93
96
72
100
53
55
124
41
75
46
74
50
123
75
43
48
76
58
58
166
71
352
92
151
182
74
72
127
56
64
700
81
114
314
216
57
97
78
341
76
100
41
55
225
149
49
101
103
146
179
88
46
42
138
191
47
55
74
61
55
51
75
126
41
68
223
51
170
252
63
73
303
45
101
164
55
86
52
101
114
109
277
70
106
78
174
92
132
51
106
51
95
124
119
196
219
56
435
124
45
190
93
56
358
42
152
92
63
138
98
80
439
42
91
41
123
47
156
478
121
61
66
41
129
47
85
45
63
153
42
99
104
190
47
66
74
80
43
94
57
155
69
604
52
43
58
41
51
148
68
83
60
159
63
115
109
77
51
141
222
41
106
56
78
55
79
58
216
43
80
50
109
44
96
66
211
134
119
42
186
43
139
261
127
50
41
252
235
73
67
54
76
158
65
82
63
58
42
177
48
377
246
325
61
173
44
296
69
63
235
140
161
338
105
94
52
96
227
160
123
89
119
55
109
69
327
50
48
160
127
90
210
74
182
50
50
88
202
1026
55
73
135
58
71
64
104
515
117
134
86
91
71
105
241
144
68
89
241
334
45
288
42
109
75
173
91
98
563
41
54
61
137
221
93
44
407
99
46
200
331
74
334
299
44
47
159
88
62
59
290
46
45
65
107
78
85
59
57
198
50
167
66
68
405
121
313
124
86
176
106
41
74
281
110
85
142
58
171
49
41
112
116
66
233
42
278
54
151
54
273
153
137
87
52
118
50
89
68
71
270
258
340
65
66
104
51
59
370
45
206
170
107
92
94
117
341
320
50
69
43
75
41
363
57
94
256
67
98
58
70
49
60
206
46
51
140
233
233
51
153
313
66
95
45
510
69
54
113
53
61
123
205
131
121
81
207
63
96
52
237
57
67
86
181
103
108
234
46
54
45
269
104
201
318
48
87
87
142
98
75
102
300
72
340
43
159
61
272
445
83
53
176
212
67
145
41
167
460
41
79
45
45
64
97
82
63
170
108
161
360
346
138
51
67
178
45
347
58
70
63
325
354
1035
116
81
851
58
109
160
66
224
43
43
46
45
45
443
43
180
615
131
41
81
110
530
47
58
438
66
277
67
75
59
119
653
42
77
50
102
108
68
102
48
65
391
325
323
62
127
70
69
324
55
151
110
121
90
103
205
137
109
42
51
54
42
119
132
90
1266
223
42
51
305
321
44
48
212
254
62
165
41
75
48
160
63
82
88
85
49
51
68
120
41
65
131
232
302
52
68
548
145
95
160
49
78
78
205
68
119
257
44
864
1197
83
152
46
156
63
42
52
55
57
173
57
181
685
178
272
42
217
48
581
57
298
153
56
161
79
80
120
133
56
143
44
69
170
282
63
140
49
56
52
112
136
819
237
111
137
83
333
230
96
64
43
110
233
94
43
247
108
404
45
198
167
65
200
55
71
46
59
202
66
121
118
135
128
48
102
405
51
235
57
55
136
91
104
54
198
83
146
42
168
180
53
100
50
45
390
149
60
52
54
80
77
119
179
194
56
177
153
85
147
74
55
171
67
87
45
191
81
85
87
216
210
71
295
69
51
90
826
67
74
196
49
128
76
150
116
129
49
41
45
44
111
79
94
85
244
51
50
56
211
311
97
78
48
45
125
204
129
65
92
97
62
56
73
73
107
61
149
84
58
132
58
48
375
240
113
204
59
69
54
279
75
43
44
190
58
99
42
44
116
55
163
91
45
56
120
57
109
68
141
127
288
159
46
61
133
94
141
46
107
126
134
60
286
50
99
342
81
57
255
111
79
62
251
47
68
201
58
127
56
393
43
143
312
48
90
45
45
43
61
53
74
81
78
42
122
87
180
45
71
75
127
71
80
76
47
89
47
44
169
393
71
134
43
46
68
109
133
43
49
127
56
41
43
373
94
59
43
66
66
52
81
92
64
114
77
92
263
1387
74
45
77
49
88
173
136
79
357
145
46
51
88
150
289
158
51
176
69
116
45
133
79
50
81
102
183
98
279
51
64
44
61
42
86
70
60
86
50
62
243
223
166
252
53
142
318
176
89
56
107
200
65
55
423
225
44
225
84
85
60
102
295
45
456
81
45
637
62
103
164
47
725
143
223
197
44
168
91
199
115
598
58
160
78
90
101
293
46
117
68
110
171
59
59
57
1099
54
58
185
80
41
55
73
371
494
172
42
91
53
43
79
61
59
47
44
64
77
53
50
48
68
76
51
82
52
320
48
47
317
146
60
43
53
93
209
178
41
112
184
99
135
91
148
725
672
112
59
139
335
129
55
104
105
46
220
226
41
47
73
116
154
148
48
60
55
663
368
67
89
41
68
1994
124
233
107
59
60
45
