Carregando documentos....
2023 documentos carregados com 1311 termos.
Geração 1

EXTERNO, INTERNO e N de FEATURES
0 0.275334 0.56248 137
1 0.35047 0.480191 245
2 0.390509 0.433798 375
3 0.448838 0.456772 491
4 0.426594 0.425771 650
5 0.485418 0.419776 760
6 0.492832 0.430067 917
7 0.497281 0.413149 1058
8 0.474048 0.407428 1175
9 0.0647553 0 0
10 0.295601 0.528059 137
11 0.351458 0.460767 268
12 0.402867 0.453648 389
13 0.417696 0.436179 494
14 0.450321 0.42547 671
15 0.474048 0.429163 763
16 0.445378 0.413513 931
17 0.510628 0.416849 1055
18 0.476026 0.415586 1170
19 0.0647553 0 0
20 0.271873 0.553799 132
21 0.377163 0.477743 250
22 0.358379 0.439307 392
23 0.439446 0.430613 521
24 0.433515 0.422084 636
25 0.480969 0.434532 785
26 0.483935 0.424104 924
27 0.490361 0.418324 1035
28 0.515077 0.424793 1174
29 0.0647553 0 0
PRECISAO DO ENSEMBLE 0.554622
0 0.0923765
1 0.18088
2 0.217636
3 0.301885
4 0.320642
5 0.358077
6 0.375565
7 0.399313
8 0.412544
9 0
10 0.116448
11 0.167996
12 0.229377
13 0.269643
14 0.371284
15 0.35785
16 0.349277
17 0.398328
18 0.454086
19 0
20 0.10128
21 0.223566
22 0.202871
23 0.279259
24 0.303808
25 0.384997
26 0.370372
27 0.418831
28 0.401912
29 0

Geração 2

EXTERNO, INTERNO e N de FEATURES
0 0.458725 0.427247 1125
1 0.205141 0.697864 59
2 0.480475 0.41263 1020
3 0.282748 0.529601 153
4 0.280277 0.525218 147
5 0.263964 0.64547 77
6 0.48344 0.418058 1012
7 0.18438 0.623134 71
8 0.457242 0.426942 816
9 0.409787 0.490815 272
10 0.488384 0.426396 1022
11 0.40089 0.44311 384
12 0.185368 0.728655 57
13 0.474543 0.421504 1113
14 0.439446 0.422213 930
15 0.4261 0.448007 392
16 0.236777 0.593611 75
17 0.456253 0.417914 927
18 0.374197 0.453442 349
19 0.188334 0.622147 63
20 0.384083 0.456958 423
21 0.479486 0.433175 880
22 0.217993 0.487027 76
23 0.297578 0.542607 141
24 0.359862 0.475446 289
25 0.186357 0.67393 58
26 0.269402 0.564976 112
27 0.481463 0.435632 1068
28 0.201186 0.717316 52
29 0.444884 0.417707 671
PRECISAO DO ENSEMBLE 0.502719
0 0.388865
1 0.0807691
2 0.375035
3 0.122019
4 0.09868
5 0.100567
6 0.360929
7 0.0745052
8 0.323485
9 0.22752
10 0.363009
11 0.241432
12 0.0736536
13 0.376289
14 0.347104
15 0.282127
16 0.0893801
17 0.364312
18 0.199805
19 0.0578531
20 0.235534
21 0.361338
22 0.0743711
23 0.119192
24 0.194565
25 0.0480875
26 0.130109
27 0.374375
28 0.0868826
29 0.291068

Geração 3

EXTERNO, INTERNO e N de FEATURES
0 0.47652 0.431589 672
1 0.444884 0.425042 684
2 0.440929 0.43781 673
3 0.434998 0.42086 667
4 0.485912 0.418635 684
5 0.439446 0.415621 666
6 0.4696 0.429891 661
7 0.438458 0.42059 687
8 0.491844 0.41875 674
9 0.463174 0.424775 668
10 0.429066 0.423088 675
11 0.450816 0.426243 660
12 0.457736 0.430877 681
13 0.443895 0.417042 672
14 0.474048 0.431922 672
15 0.469105 0.427122 666
16 0.444884 0.425438 679
17 0.449333 0.419904 661
18 0.43648 0.427438 661
19 0.463668 0.427694 670
20 0.464656 0.430887 669
21 0.475037 0.416234 680
22 0.471577 0.420691 663
23 0.457736 0.416481 674
24 0.42956 0.414697 662
25 0.470094 0.426795 674
26 0.45477 0.428645 665
27 0.466634 0.430883 670
28 0.439446 0.432404 668
29 0.475531 0.420809 676
PRECISAO DO ENSEMBLE 0.518043
0 0.390807
1 0.352661
2 0.330864
3 0.353374
4 0.419843
5 0.323197
6 0.359696
7 0.354214
8 0.321058
9 0.351558
10 0.36283
11 0.418605
12 0.385345
13 0.363788
14 0.384637
15 0.409203
16 0.343165
17 0.38035
18 0.35652
19 0.373379
20 0.350276
21 0.39614
22 0.370562
23 0.377724
24 0.347696
25 0.380663
26 0.411747
27 0.331737
28 0.355833
29 0.358387

Geração 4

EXTERNO, INTERNO e N de FEATURES
0 0.472565 0.430412 682
1 0.481463 0.425358 676
2 0.474543 0.421377 663
3 0.455759 0.420781 660
4 0.452793 0.439365 660
5 0.446367 0.415763 668
6 0.433515 0.421667 658
7 0.460702 0.427234 675
8 0.462185 0.419227 678
9 0.440435 0.433743 679
10 0.476026 0.428795 662
11 0.448838 0.42119 681
12 0.450816 0.430034 668
13 0.443895 0.43171 674
14 0.472565 0.416605 681
15 0.462679 0.425389 673
16 0.495304 0.430592 682
17 0.453287 0.430028 672
18 0.469105 0.438704 678
19 0.450321 0.43199 670
20 0.480969 0.423084 669
21 0.435986 0.420139 678
22 0.500741 0.429432 672
23 0.453287 0.434441 679
24 0.420168 0.41426 675
25 0.45823 0.420752 680
26 0.441918 0.410263 669
27 0.433515 0.428788 670
28 0.431537 0.429796 670
29 0.452793 0.418484 672
PRECISAO DO ENSEMBLE 0.521008
0 0.376745
1 0.374881
2 0.305926
3 0.404583
4 0.307982
5 0.328292
6 0.296305
7 0.359678
8 0.347568
9 0.390183
10 0.35275
11 0.360311
12 0.381049
13 0.338256
14 0.354079
15 0.342937
16 0.360832
17 0.349308
18 0.391503
19 0.342199
20 0.386346
21 0.379731
22 0.380599
23 0.351955
24 0.292576
25 0.377089
26 0.324752
27 0.349508
28 0.310943
29 0.35303

Geração 5

EXTERNO, INTERNO e N de FEATURES
0 0.470588 0.418837 664
1 0.431043 0.426846 681
2 0.453287 0.420247 676
3 0.439446 0.421631 655
4 0.428077 0.425615 666
5 0.457242 0.42498 659
6 0.44785 0.424732 660
7 0.445378 0.418487 677
8 0.432526 0.427356 666
9 0.447355 0.428514 675
10 0.43302 0.427093 666
11 0.456253 0.438873 682
12 0.449827 0.41417 676
13 0.435986 0.418821 677
14 0.453287 0.426736 664
15 0.41127 0.421959 671
16 0.454276 0.424157 682
17 0.456253 0.427053 677
18 0.445378 0.424789 681
19 0.463668 0.422438 660
20 0.435492 0.416733 668
21 0.428571 0.426737 676
22 0.450816 0.417563 674
23 0.452793 0.433406 655
24 0.438458 0.427148 661
25 0.441918 0.426291 674
26 0.432032 0.42592 662
27 0.438952 0.419409 675
28 0.431537 0.416697 669
29 0.457736 0.435978 677
PRECISAO DO ENSEMBLE 0.482946
0 0.308379
1 0.365479
2 0.354523
3 0.343973
4 0.374132
5 0.366209
6 0.403496
7 0.329008
8 0.37613
9 0.358201
10 0.359488
11 0.36711
12 0.355652
13 0.314823
14 0.353807
15 0.34015
16 0.348189
17 0.37305
18 0.374279
19 0.389246
20 0.324512
21 0.398989
22 0.348645
23 0.357224
24 0.392079
25 0.357759
26 0.386274
27 0.351619
28 0.400498
29 0.29667

Geração 6

EXTERNO, INTERNO e N de FEATURES
0 0.465645 0.436064 668
1 0.452299 0.431833 674
2 0.465151 0.43653 671
3 0.463174 0.43021 677
4 0.452299 0.424671 671
5 0.442412 0.420693 687
6 0.476026 0.43035 675
7 0.462185 0.428386 678
8 0.434998 0.423091 683
9 0.436975 0.428701 678
10 0.45131 0.427965 676
11 0.466139 0.426535 668
12 0.453782 0.421395 672
13 0.478497 0.425051 683
14 0.446367 0.440064 670
15 0.455264 0.419685 692
16 0.43302 0.420068 693
17 0.44439 0.410791 664
18 0.478992 0.440193 685
19 0.461691 0.422673 679
20 0.460208 0.421286 684
21 0.451804 0.430533 666
22 0.430549 0.424137 670
23 0.437469 0.419463 681
24 0.448838 0.422727 681
25 0.463668 0.441285 685
26 0.459219 0.435471 662
27 0.455759 0.42063 664
28 0.45131 0.42034 671
29 0.47306 0.439123 670
PRECISAO DO ENSEMBLE 0.511122
0 0.384438
1 0.368239
2 0.363717
3 0.30512
4 0.37368
5 0.350118
6 0.348212
7 0.35323
8 0.345773
9 0.319917
10 0.358311
11 0.341632
12 0.359994
13 0.319593
14 0.382555
15 0.405887
16 0.363747
17 0.346364
18 0.400436
19 0.347847
20 0.385484
21 0.420173
22 0.338899
23 0.327642
24 0.35611
25 0.390227
26 0.364621
27 0.385845
28 0.385726
29 0.379837

Geração 7

EXTERNO, INTERNO e N de FEATURES
0 0.438952 0.429692 671
1 0.459713 0.430851 669
2 0.453287 0.43482 663
3 0.461196 0.417729 679
4 0.462185 0.413246 675
5 0.472565 0.431701 673
6 0.450816 0.424518 687
7 0.447355 0.425337 663
8 0.449333 0.428146 658
9 0.462679 0.445153 669
10 0.450321 0.426824 657
11 0.472565 0.423545 665
12 0.43302 0.42296 662
13 0.467622 0.430237 666
14 0.427583 0.421183 667
15 0.420662 0.420783 668
16 0.456747 0.429091 675
17 0.445872 0.418491 661
18 0.45823 0.429996 661
19 0.462679 0.430064 648
20 0.466634 0.419067 673
21 0.457242 0.431724 668
22 0.467128 0.424886 669
23 0.418685 0.426924 661
24 0.445378 0.416548 676
25 0.453782 0.416158 673
26 0.453287 0.421029 664
27 0.456253 0.416225 669
28 0.461691 0.42857 667
29 0.463174 0.432243 666
PRECISAO DO ENSEMBLE 0.493327
0 0.415778
1 0.407355
2 0.402538
3 0.423333
4 0.356416
5 0.423131
6 0.380674
7 0.326137
8 0.378733
9 0.409524
10 0.410795
11 0.399068
12 0.314393
13 0.378899
14 0.349129
15 0.338475
16 0.417606
17 0.390636
18 0.382884
19 0.36206
20 0.374614
21 0.400811
22 0.38125
23 0.340582
24 0.368198
25 0.351813
26 0.394178
27 0.367001
28 0.402401
29 0.404953

Geração 8

EXTERNO, INTERNO e N de FEATURES
0 0.4696 0.437195 668
1 0.437963 0.424379 671
2 0.430549 0.426235 658
3 0.44439 0.43975 656
4 0.467622 0.434924 655
5 0.499753 0.440714 659
6 0.469105 0.431568 663
7 0.445378 0.426782 668
8 0.449333 0.423364 672
9 0.466634 0.42682 666
10 0.462185 0.419928 668
11 0.455264 0.423652 667
12 0.449333 0.425624 667
13 0.422145 0.433389 651
14 0.470094 0.4283 672
15 0.449827 0.422226 659
16 0.458725 0.433819 667
17 0.454276 0.433143 672
18 0.467622 0.431637 665
19 0.427583 0.428183 669
20 0.442412 0.42888 676
21 0.452793 0.426767 673
22 0.479486 0.419603 660
23 0.446367 0.423651 664
24 0.441424 0.446422 668
25 0.450321 0.433376 652
26 0.490361 0.429977 660
27 0.453287 0.433125 669
28 0.452793 0.442737 657
29 0.460208 0.436949 660
PRECISAO DO ENSEMBLE 0.494315
0 0.41882
1 0.356635
2 0.3888
3 0.441513
4 0.373602
5 0.377505
6 0.394114
7 0.370763
8 0.362945
9 0.420832
10 0.335201
11 0.370087
12 0.421212
13 0.388315
14 0.408392
15 0.344836
16 0.365736
17 0.401194
18 0.405781
19 0.401187
20 0.343443
21 0.419136
22 0.35731
23 0.382278
24 0.407875
25 0.378432
26 0.392783
27 0.334725
28 0.385822
29 0.36955

Geração 9

EXTERNO, INTERNO e N de FEATURES
0 0.463668 0.427625 671
1 0.455264 0.429203 667
2 0.425606 0.4283 665
3 0.468117 0.453064 664
4 0.455759 0.430444 667
5 0.459713 0.409043 658
6 0.438952 0.432248 644
7 0.451804 0.419487 666
8 0.449827 0.427807 669
9 0.470588 0.435578 661
10 0.445872 0.439625 658
11 0.484923 0.43007 662
12 0.450321 0.420519 664
13 0.440435 0.433978 653
14 0.464656 0.425389 660
15 0.503213 0.432052 657
16 0.472071 0.429858 656
17 0.470588 0.425448 660
18 0.450816 0.419932 666
19 0.465151 0.426097 661
20 0.448344 0.420081 665
21 0.450321 0.435706 664
22 0.427088 0.417942 665
23 0.447355 0.417838 661
24 0.462185 0.445457 660
25 0.487889 0.442271 667
26 0.429066 0.423254 665
27 0.443401 0.435624 656
28 0.446861 0.43128 651
29 0.456747 0.435438 654
PRECISAO DO ENSEMBLE 0.504696
0 0.331514
1 0.397247
2 0.382995
3 0.345699
4 0.348896
5 0.330121
6 0.419017
7 0.439011
8 0.365461
9 0.388053
10 0.35555
11 0.433857
12 0.378979
13 0.392476
14 0.412018
15 0.344411
16 0.372313
17 0.357148
18 0.375507
19 0.369873
20 0.353812
21 0.374613
22 0.384706
23 0.363153
24 0.408061
25 0.359736
26 0.384068
27 0.403354
28 0.350811
29 0.397154

Geração 10

EXTERNO, INTERNO e N de FEATURES
0 0.431537 0.418509 658
1 0.444884 0.42576 666
2 0.462679 0.430948 665
3 0.432032 0.429495 649
4 0.453287 0.443438 648
5 0.448344 0.42066 654
6 0.42956 0.421256 659
7 0.450816 0.437034 659
8 0.457736 0.437638 647
9 0.445378 0.427917 645
10 0.457736 0.425525 655
11 0.455264 0.429299 656
12 0.433515 0.427894 659
13 0.464162 0.425449 647
14 0.449333 0.428495 657
15 0.442907 0.425407 646
16 0.435986 0.439796 649
17 0.454276 0.431998 663
18 0.47652 0.419217 652
19 0.456253 0.438465 632
20 0.465645 0.422213 665
21 0.44439 0.440711 642
22 0.477509 0.445591 649
23 0.457736 0.42843 653
24 0.445872 0.422863 650
25 0.463668 0.447224 642
26 0.47652 0.429216 664
27 0.432526 0.429926 651
28 0.464162 0.422996 656
29 0.470094 0.439135 665
PRECISAO DO ENSEMBLE 0.513099
0 0.347832
1 0.392108
2 0.41539
3 0.380273
4 0.410758
5 0.342374
6 0.364379
7 0.42039
8 0.420558
9 0.389114
10 0.347767
11 0.37652
12 0.351295
13 0.426683
14 0.44228
15 0.398772
16 0.374166
17 0.364385
18 0.366535
19 0.39757
20 0.380187
21 0.373361
22 0.41277
23 0.382584
24 0.365338
25 0.38667
26 0.363307
27 0.373756
28 0.349315
29 0.380244

Geração 11

EXTERNO, INTERNO e N de FEATURES
0 0.471083 0.428611 667
1 0.446861 0.428161 653
2 0.459713 0.427171 661
3 0.446367 0.422424 658
4 0.478003 0.436499 658
5 0.464162 0.419349 673
6 0.474543 0.430692 659
7 0.450816 0.43116 670
8 0.448344 0.427007 676
9 0.448838 0.435914 657
10 0.454276 0.44505 656
11 0.466139 0.425439 661
12 0.448838 0.425244 659
13 0.443401 0.439475 659
14 0.466634 0.4276 660
15 0.437963 0.423798 664
16 0.449827 0.430079 668
17 0.435492 0.421743 655
18 0.446861 0.431098 642
19 0.460702 0.426598 671
20 0.465645 0.430446 654
21 0.461691 0.432471 659
22 0.433515 0.428342 653
23 0.453782 0.420842 673
24 0.450816 0.422879 677
25 0.462679 0.431649 657
26 0.454276 0.433897 658
27 0.462679 0.441183 654
28 0.458725 0.448435 671
29 0.475037 0.432703 668
PRECISAO DO ENSEMBLE 0.505685
0 0.40911
1 0.397735
2 0.425308
3 0.374078
4 0.428883
5 0.410516
6 0.439207
7 0.40738
8 0.335071
9 0.365335
10 0.382831
11 0.374802
12 0.384197
13 0.431117
14 0.41782
15 0.407688
16 0.364046
17 0.339326
18 0.40904
19 0.36561
20 0.366791
21 0.400715
22 0.372387
23 0.381295
24 0.400085
25 0.413251
26 0.403216
27 0.417592
28 0.359675
29 0.41716

Geração 12

EXTERNO, INTERNO e N de FEATURES
0 0.453287 0.429341 681
1 0.45823 0.42271 659
2 0.478497 0.431571 669
3 0.473554 0.426021 672
4 0.478003 0.434641 666
5 0.480969 0.431362 667
6 0.452793 0.419871 666
7 0.471083 0.438654 660
8 0.470588 0.437524 654
9 0.457242 0.427671 669
10 0.4696 0.424252 666
11 0.458725 0.419868 676
12 0.477509 0.43471 673
13 0.456747 0.437336 654
14 0.464656 0.432013 666
15 0.460208 0.428196 666
16 0.450816 0.428402 666
17 0.443895 0.432763 666
18 0.452793 0.421108 665
19 0.444884 0.425487 672
20 0.487889 0.422874 676
21 0.477509 0.437875 674
22 0.481463 0.435353 660
23 0.425606 0.421082 684
24 0.488384 0.439645 668
25 0.460702 0.426942 675
26 0.463174 0.430569 669
27 0.449333 0.426882 656
28 0.474543 0.437196 668
29 0.475037 0.439725 662
PRECISAO DO ENSEMBLE 0.528423
0 0.383942
1 0.380624
2 0.433873
3 0.411941
4 0.414672
5 0.422899
6 0.398993
7 0.424754
8 0.385122
9 0.406156
10 0.399914
11 0.37799
12 0.45586
13 0.362156
14 0.403474
15 0.415005
16 0.388863
17 0.369382
18 0.40291
19 0.407259
20 0.364791
21 0.468512
22 0.402479
23 0.378593
24 0.37065
25 0.413767
26 0.404945
27 0.366873
28 0.401737
29 0.46719

Geração 13

EXTERNO, INTERNO e N de FEATURES
0 0.471083 0.423024 655
1 0.477014 0.430272 659
2 0.447355 0.41587 664
3 0.453287 0.427992 664
4 0.465151 0.436223 665
5 0.434998 0.420996 665
6 0.462185 0.441739 657
7 0.451804 0.429349 668
8 0.43648 0.434436 662
9 0.478497 0.441458 667
10 0.442412 0.431305 652
11 0.468117 0.431454 665
12 0.434998 0.42399 656
13 0.469105 0.433882 662
14 0.448344 0.423013 656
15 0.449333 0.427912 654
16 0.465151 0.429864 667
17 0.453287 0.435375 657
18 0.466634 0.429758 657
19 0.439941 0.43246 663
20 0.454276 0.436805 653
21 0.476026 0.425158 666
22 0.45823 0.424149 660
23 0.472565 0.432817 654
24 0.483935 0.443015 662
25 0.440435 0.416009 671
26 0.456747 0.432834 654
27 0.470588 0.424854 671
28 0.463668 0.431438 665
29 0.470588 0.444293 654
PRECISAO DO ENSEMBLE 0.519031
0 0.445786
1 0.423393
2 0.406034
3 0.402233
4 0.431362
5 0.405504
6 0.436318
7 0.386735
8 0.429133
9 0.408899
10 0.389454
11 0.442742
12 0.421056
13 0.404812
14 0.421804
15 0.405365
16 0.371781
17 0.378411
18 0.382649
19 0.354603
20 0.39384
21 0.369712
22 0.423102
23 0.397274
24 0.398642
25 0.375051
26 0.398423
27 0.385593
28 0.379256
29 0.366016

Geração 14

EXTERNO, INTERNO e N de FEATURES
0 0.471083 0.441123 661
1 0.447355 0.431555 653
2 0.467128 0.434789 653
3 0.463668 0.425754 657
4 0.455759 0.432572 654
5 0.457242 0.429033 653
6 0.47652 0.44241 642
7 0.461691 0.435317 649
8 0.456253 0.427018 646
9 0.481957 0.434427 663
10 0.478003 0.447245 648
11 0.457736 0.425478 661
12 0.488384 0.440401 642
13 0.489867 0.442679 649
14 0.448344 0.430768 657
15 0.453782 0.436387 648
16 0.474543 0.430395 643
17 0.463668 0.428271 650
18 0.482452 0.445928 660
19 0.482946 0.430137 640
20 0.463668 0.433843 648
21 0.452793 0.438794 656
22 0.431043 0.434737 653
23 0.463668 0.432798 651
24 0.474543 0.435536 657
25 0.47306 0.430326 658
26 0.47998 0.426073 659
27 0.448838 0.429183 659
28 0.453782 0.437962 643
29 0.485418 0.438177 660
PRECISAO DO ENSEMBLE 0.52348
0 0.400537
1 0.370836
2 0.41059
3 0.375598
4 0.373839
5 0.381722
6 0.423867
7 0.408635
8 0.375089
9 0.455839
10 0.483589
11 0.392966
12 0.390519
13 0.421487
14 0.418292
15 0.420356
16 0.39811
17 0.394218
18 0.410614
19 0.454175
20 0.397437
21 0.387816
22 0.392831
23 0.375212
24 0.454339
25 0.378558
26 0.459847
27 0.388061
28 0.394142
29 0.422202

Geração 15

EXTERNO, INTERNO e N de FEATURES
0 0.488878 0.432194 653
1 0.459713 0.425693 658
2 0.454276 0.418784 658
3 0.467622 0.428514 657
4 0.466634 0.425835 653
5 0.449333 0.437877 665
6 0.463174 0.438936 664
7 0.45477 0.448784 650
8 0.455759 0.438332 650
9 0.478992 0.425781 657
10 0.463174 0.448079 646
11 0.460208 0.425394 652
12 0.48344 0.442012 648
13 0.461691 0.425473 656
14 0.466634 0.433339 660
15 0.488878 0.443667 654
16 0.486406 0.438781 655
17 0.457242 0.455938 655
18 0.465645 0.433484 660
19 0.45823 0.438359 656
20 0.448838 0.440323 648
21 0.474048 0.434577 673
22 0.432032 0.424704 661
23 0.486901 0.448458 659
24 0.493327 0.441099 669
25 0.460702 0.438686 645
26 0.446861 0.438895 664
27 0.470588 0.429416 647
28 0.456253 0.427607 659
29 0.481957 0.444041 655
PRECISAO DO ENSEMBLE 0.526446
0 0.442635
1 0.404282
2 0.398479
3 0.425237
4 0.395252
5 0.420285
6 0.43461
7 0.38767
8 0.3722
9 0.468946
10 0.420912
11 0.409948
12 0.407758
13 0.435985
14 0.39417
15 0.436628
16 0.484012
17 0.459614
18 0.39421
19 0.435057
20 0.411392
21 0.464311
22 0.384459
23 0.451371
24 0.442909
25 0.42435
26 0.412364
27 0.430237
28 0.377648
29 0.377718

Geração 16

EXTERNO, INTERNO e N de FEATURES
0 0.460208 0.426141 642
1 0.480475 0.435897 649
2 0.465151 0.432711 654
3 0.502719 0.449994 657
4 0.474048 0.445902 661
5 0.472565 0.44418 638
6 0.448838 0.422771 655
7 0.451804 0.432299 662
8 0.478497 0.437287 658
9 0.475037 0.437843 660
10 0.45131 0.435741 641
11 0.469105 0.4358 664
12 0.446861 0.438376 648
13 0.45131 0.432948 640
14 0.468611 0.453894 664
15 0.455759 0.4337 641
16 0.456253 0.427965 649
17 0.479486 0.431096 654
18 0.467622 0.426818 650
19 0.45131 0.424382 655
20 0.463668 0.426437 655
21 0.479486 0.43672 662
22 0.445872 0.420734 654
23 0.461691 0.432969 651
24 0.480475 0.438911 647
25 0.474048 0.450193 653
26 0.493327 0.433707 645
27 0.457242 0.432575 671
28 0.45477 0.429787 650
29 0.462185 0.426217 661
PRECISAO DO ENSEMBLE 0.524963
0 0.446497
1 0.477633
2 0.437466
3 0.416711
4 0.463077
5 0.400043
6 0.417344
7 0.416658
8 0.425814
9 0.374678
10 0.440915
11 0.459365
12 0.421533
13 0.395379
14 0.456288
15 0.442981
16 0.400383
17 0.392252
18 0.422401
19 0.400849
20 0.430774
21 0.425402
22 0.377139
23 0.438311
24 0.401507
25 0.387515
26 0.367051
27 0.380021
28 0.411399
29 0.382114

Geração 17

EXTERNO, INTERNO e N de FEATURES
0 0.463668 0.432038 661
1 0.450321 0.433079 651
2 0.457736 0.431333 648
3 0.467622 0.4455 675
4 0.44785 0.440924 645
5 0.476026 0.432506 672
6 0.455759 0.437448 664
7 0.485418 0.431797 665
8 0.471083 0.438673 664
9 0.477014 0.436904 661
10 0.465645 0.435307 667
11 0.474048 0.436213 652
12 0.477014 0.43233 661
13 0.494315 0.44558 653
14 0.446861 0.419989 655
15 0.472565 0.441357 658
16 0.48344 0.455051 666
17 0.476026 0.441197 687
18 0.453782 0.435823 660
19 0.456253 0.418794 662
20 0.445378 0.425474 666
21 0.480969 0.445377 656
22 0.44439 0.429706 658
23 0.478992 0.449656 661
24 0.457242 0.428518 659
25 0.454276 0.435069 663
26 0.446861 0.425254 653
27 0.449333 0.437257 663
28 0.463174 0.438292 660
29 0.465151 0.435449 650
PRECISAO DO ENSEMBLE 0.522986
0 0.399357
1 0.40884
2 0.379721
3 0.405
4 0.35931
5 0.406341
6 0.406002
7 0.440139
8 0.400199
9 0.374618
10 0.414972
11 0.438994
12 0.441167
13 0.475657
14 0.359702
15 0.435442
16 0.437639
17 0.375405
18 0.401145
19 0.41962
20 0.356562
21 0.381402
22 0.418461
23 0.416811
24 0.391319
25 0.386471
26 0.405446
27 0.38808
28 0.373189
29 0.425761

Geração 18

EXTERNO, INTERNO e N de FEATURES
0 0.449333 0.429751 650
1 0.461196 0.428598 650
2 0.462185 0.436677 637
3 0.442907 0.43422 662
4 0.463174 0.43597 655
5 0.463668 0.439432 649
6 0.429066 0.43202 646
7 0.478992 0.433774 644
8 0.466139 0.440883 652
9 0.47306 0.442915 649
10 0.427088 0.43917 643
11 0.436975 0.421005 661
12 0.452299 0.438815 655
13 0.447355 0.4312 651
14 0.467128 0.43663 661
15 0.448838 0.42965 644
16 0.44439 0.417096 656
17 0.429066 0.434104 642
18 0.470094 0.436567 653
19 0.467128 0.438178 664
20 0.430054 0.425238 653
21 0.441918 0.426575 641
22 0.444884 0.438856 641
23 0.462679 0.439574 652
24 0.479486 0.43792 659
25 0.45823 0.428619 651
26 0.476026 0.43157 655
27 0.472071 0.429028 645
28 0.453287 0.433983 648
29 0.453782 0.426843 665
PRECISAO DO ENSEMBLE 0.510133
0 0.454664
1 0.389084
2 0.452931
3 0.426273
4 0.41174
5 0.427576
6 0.377029
7 0.445825
8 0.440718
9 0.428137
10 0.380732
11 0.37509
12 0.404807
13 0.418246
14 0.409552
15 0.43029
16 0.394201
17 0.358345
18 0.433205
19 0.456576
20 0.387555
21 0.332817
22 0.414095
23 0.406733
24 0.419238
25 0.378364
26 0.409009
27 0.402507
28 0.426733
29 0.416889

Geração 19

EXTERNO, INTERNO e N de FEATURES
0 0.4696 0.443302 665
1 0.429066 0.424365 661
2 0.442412 0.442384 667
3 0.463668 0.437405 659
4 0.457736 0.439138 665
5 0.452793 0.436161 671
6 0.461196 0.44115 673
7 0.455759 0.430184 664
8 0.442412 0.43209 665
9 0.477509 0.441891 653
10 0.454276 0.430901 689
