Carregando documentos....
2023 documentos carregados com 1311 termos.
Taxa de mutação de 0.05 e num de pais 5
Geração 1

EXTERNO, INTERNO e N de FEATURES
0 0.275334 0.56248 137
1 0.35047 0.480191 245
2 0.390509 0.433798 375
3 0.448838 0.456772 491
4 0.426594 0.425771 650
5 0.485418 0.419776 760
6 0.492832 0.430067 917
7 0.497281 0.413149 1058
8 0.474048 0.407428 1175
9 0.302027 0.559888 127
10 0.35047 0.480321 241
11 0.410776 0.435084 410
12 0.460702 0.427897 504
13 0.460702 0.423001 613
14 0.475531 0.423632 803
15 0.470588 0.422421 897
16 0.485912 0.420804 1058
17 0.474543 0.413442 1183
18 0.296095 0.572157 123
19 0.348987 0.481829 251
20 0.403856 0.434844 401
21 0.455759 0.447296 476
22 0.43302 0.409116 685
23 0.456747 0.418471 756
24 0.481957 0.424844 923
25 0.474048 0.410289 1053
26 0.50173 0.423934 1189
27 0.320316 0.527698 155
28 0.32872 0.469283 255
29 0.386555 0.433107 392
PRECISAO DO ENSEMBLE 0.556105
0 0.0964707
1 0.180372
2 0.225252
3 0.306565
4 0.321943
5 0.372953
6 0.373814
7 0.406246
8 0.41107
9 0.133579
10 0.160872
11 0.24734
12 0.303657
13 0.342804
14 0.34575
15 0.378504
16 0.422763
17 0.370775
18 0.108294
19 0.172212
20 0.254252
21 0.316713
22 0.308919
23 0.316277
24 0.394491
25 0.405379
26 0.452498
27 0.131655
28 0.164624
29 0.209746

Geração 2

EXTERNO, INTERNO e N de FEATURES
0 0.510628 0.428456 1150
1 0.486406 0.423139 1141
2 0.514088 0.433449 1134
3 0.512605 0.431976 1142
4 0.529906 0.421323 1146
5 0.431043 0.422543 575
6 0.475531 0.455676 580
7 0.401384 0.439709 409
8 0.424123 0.435535 412
9 0.464656 0.424136 890
10 0.482452 0.433472 990
11 0.390509 0.444702 376
12 0.43302 0.436665 651
13 0.469105 0.424303 741
14 0.465645 0.419176 689
15 0.361839 0.498514 229
16 0.358379 0.467742 252
17 0.446367 0.425636 586
18 0.484429 0.426739 966
19 0.41127 0.443494 376
20 0.358873 0.441251 346
21 0.384083 0.467309 293
22 0.292635 0.477098 211
23 0.442907 0.461266 447
24 0.478497 0.426598 839
25 0.457736 0.415813 712
26 0.495798 0.419409 855
27 0.420662 0.44128 508
28 0.451804 0.446247 493
29 0.45131 0.413372 892
PRECISAO DO ENSEMBLE 0.561542
0 0.489481
1 0.390557
2 0.466214
3 0.457598
4 0.411569
5 0.289778
6 0.330327
7 0.261539
8 0.233951
9 0.358037
10 0.41417
11 0.236955
12 0.320455
13 0.365522
14 0.324026
15 0.174184
16 0.162369
17 0.311229
18 0.365426
19 0.234124
20 0.194536
21 0.221828
22 0.142833
23 0.281503
24 0.359189
25 0.362797
26 0.362264
27 0.281382
28 0.323656
29 0.372105

Geração 3

EXTERNO, INTERNO e N de FEATURES
0 0.485912 0.420462 1106
1 0.488878 0.429041 1106
2 0.496787 0.423775 1118
3 0.504696 0.410009 1097
4 0.497776 0.417166 1102
5 0.441918 0.457691 503
6 0.421157 0.437872 395
7 0.525952 0.410847 1114
8 0.489372 0.429921 1084
9 0.413248 0.450109 472
10 0.393969 0.43569 386
11 0.409787 0.442417 491
12 0.456253 0.422642 647
13 0.491844 0.419981 946
14 0.385566 0.443849 400
15 0.42956 0.432663 555
16 0.449333 0.429085 600
17 0.493327 0.425924 873
18 0.486406 0.419106 1045
19 0.468117 0.431184 917
20 0.427088 0.430031 584
21 0.469105 0.426675 570
22 0.412753 0.439454 481
23 0.470094 0.434111 591
24 0.489867 0.435685 734
25 0.402373 0.451989 343
26 0.42956 0.439779 435
27 0.483935 0.417791 1001
28 0.477509 0.423604 787
29 0.430549 0.445756 441
PRECISAO DO ENSEMBLE 0.561542
0 0.391674
1 0.406982
2 0.39684
3 0.452885
4 0.448181
5 0.296907
6 0.258479
7 0.428632
8 0.421466
9 0.246787
10 0.2427
11 0.255698
12 0.310422
13 0.394482
14 0.214222
15 0.27804
16 0.313356
17 0.35969
18 0.353827
19 0.381325
20 0.276854
21 0.301065
22 0.281855
23 0.338205
24 0.377987
25 0.236586
26 0.283718
27 0.392046
28 0.328841
29 0.291844

Geração 4

EXTERNO, INTERNO e N de FEATURES
0 0.500741 0.431503 1061
1 0.499259 0.432232 1061
2 0.490855 0.4137 1042
3 0.504202 0.435133 1049
4 0.505685 0.417049 1062
5 0.459713 0.419699 650
6 0.471577 0.435593 665
7 0.464162 0.429915 671
8 0.490361 0.431259 893
9 0.481957 0.405824 935
10 0.490855 0.415234 854
11 0.497776 0.412823 932
12 0.413742 0.436935 460
13 0.425111 0.433565 433
14 0.431043 0.45106 439
15 0.473554 0.420266 893
16 0.445378 0.425909 647
17 0.475037 0.421167 1061
18 0.45477 0.417713 902
19 0.481957 0.432908 870
20 0.427583 0.42016 556
21 0.415719 0.434434 497
22 0.426594 0.45127 420
23 0.468117 0.433021 600
24 0.49481 0.424911 1067
25 0.412259 0.421416 499
26 0.42264 0.421985 557
27 0.43648 0.431926 543
28 0.486406 0.431878 811
29 0.393475 0.419645 535
PRECISAO DO ENSEMBLE 0.56698
0 0.391809
1 0.414426
2 0.397116
3 0.424873
4 0.423724
5 0.33024
6 0.368994
7 0.338136
8 0.363633
9 0.342496
10 0.384113
11 0.356012
12 0.236636
13 0.287417
14 0.299423
15 0.393131
16 0.32497
17 0.4179
18 0.376756
19 0.345599
20 0.292322
21 0.254683
22 0.27027
23 0.297013
24 0.416488
25 0.225637
26 0.248631
27 0.281451
28 0.340701
29 0.212016

Geração 5

EXTERNO, INTERNO e N de FEATURES
0 0.454276 0.421431 1002
1 0.503707 0.431393 1007
2 0.499259 0.414611 1015
3 0.503213 0.427242 1016
4 0.472071 0.433136 1010
5 0.446861 0.427133 873
6 0.448838 0.431993 692
7 0.504696 0.438569 962
8 0.477014 0.418973 912
9 0.499753 0.423221 725
10 0.500247 0.427808 954
11 0.430054 0.427342 529
12 0.480969 0.428898 713
13 0.470588 0.417908 897
14 0.462679 0.407924 889
15 0.419179 0.446506 443
16 0.442412 0.450227 471
17 0.397924 0.428931 468
18 0.463668 0.420379 656
19 0.440929 0.437635 482
20 0.448344 0.422008 718
21 0.478992 0.429751 839
22 0.456253 0.424703 632
23 0.391003 0.426812 486
24 0.420662 0.434436 506
25 0.44785 0.413719 980
26 0.434998 0.439528 552
27 0.521008 0.42657 950
28 0.459713 0.423444 996
29 0.47652 0.420441 958
PRECISAO DO ENSEMBLE 0.572417
0 0.380261
1 0.419482
2 0.410697
3 0.39907
4 0.411386
5 0.346011
6 0.326105
7 0.423155
8 0.333216
9 0.356915
10 0.379483
11 0.265706
12 0.367083
13 0.370094
14 0.352996
15 0.244325
16 0.278316
17 0.235129
18 0.322743
19 0.263716
20 0.310607
21 0.364793
22 0.325143
23 0.243563
24 0.253092
25 0.345052
26 0.281292
27 0.378987
28 0.357343
29 0.413294

Geração 6

EXTERNO, INTERNO e N de FEATURES
0 0.463174 0.433779 938
1 0.502719 0.443368 930
2 0.462679 0.43133 938
3 0.490855 0.424393 921
4 0.45131 0.427071 941
5 0.477014 0.432373 703
6 0.432526 0.428111 518
7 0.490361 0.422042 986
8 0.492338 0.42042 942
9 0.468611 0.442385 600
10 0.487889 0.429105 887
11 0.496293 0.431164 950
12 0.490361 0.413677 821
13 0.467128 0.418011 939
14 0.394464 0.426726 481
15 0.436975 0.433923 601
16 0.459713 0.424642 656
17 0.468611 0.437946 858
18 0.45823 0.430526 571
19 0.453782 0.439168 595
20 0.419674 0.423372 619
21 0.471577 0.43629 617
22 0.480475 0.431901 875
23 0.473554 0.429674 691
24 0.475037 0.431253 763
25 0.461691 0.426587 821
26 0.47306 0.430159 863
27 0.457242 0.424657 948
28 0.513099 0.424752 979
29 0.502224 0.426297 804
PRECISAO DO ENSEMBLE 0.575877
0 0.376758
1 0.4123
2 0.404453
3 0.430258
4 0.404975
5 0.351487
6 0.284449
7 0.394302
8 0.382503
9 0.330842
10 0.382121
11 0.406351
12 0.353743
13 0.376156
14 0.238385
15 0.319101
16 0.323429
17 0.37825
18 0.286723
19 0.301887
20 0.326237
21 0.331768
22 0.39525
23 0.347436
24 0.360571
25 0.367934
26 0.374359
27 0.392485
28 0.415474
29 0.376452

Geração 7

EXTERNO, INTERNO e N de FEATURES
0 0.495798 0.418678 894
1 0.492338 0.433537 897
2 0.449827 0.417318 889
3 0.489867 0.436574 888
4 0.474048 0.420972 885
5 0.490361 0.433573 912
6 0.52002 0.428763 913
7 0.480969 0.434514 713
8 0.454276 0.424933 568
9 0.507168 0.444593 888
10 0.497776 0.425763 848
11 0.467622 0.423879 927
12 0.474543 0.428527 897
13 0.479486 0.421098 912
14 0.495798 0.423708 956
15 0.446861 0.427626 563
16 0.478003 0.426852 885
17 0.450321 0.437329 691
18 0.495304 0.427857 918
19 0.467128 0.410039 821
20 0.445872 0.431892 610
21 0.482452 0.430722 754
22 0.454276 0.441118 658
23 0.441918 0.412182 703
24 0.43302 0.447307 527
25 0.455264 0.426304 770
26 0.475037 0.420136 816
27 0.444884 0.456115 568
28 0.454276 0.42693 728
29 0.484429 0.422838 907
PRECISAO DO ENSEMBLE 0.567968
0 0.390596
1 0.404335
2 0.372218
3 0.40344
4 0.415722
5 0.424598
6 0.398101
7 0.369949
8 0.284118
9 0.371627
10 0.359974
11 0.364539
12 0.400601
13 0.39338
14 0.428183
15 0.281763
16 0.36189
17 0.331032
18 0.434475
19 0.348908
20 0.347621
21 0.379151
22 0.356728
23 0.344198
24 0.300363
25 0.342293
26 0.344196
27 0.311575
28 0.33491
29 0.38708

Geração 8

EXTERNO, INTERNO e N de FEATURES
0 0.478497 0.421888 890
1 0.465151 0.41883 888
2 0.467622 0.416018 904
3 0.461196 0.440169 898
4 0.470588 0.42325 876
5 0.477014 0.42704 899
6 0.462679 0.448911 605
7 0.443401 0.422371 690
8 0.460208 0.437784 787
9 0.45823 0.440117 634
10 0.459219 0.433812 597
11 0.423134 0.415569 814
12 0.485418 0.4161 789
13 0.477014 0.42696 749
14 0.471083 0.416252 854
15 0.460208 0.426846 758
16 0.482452 0.41515 882
17 0.4696 0.424183 768
18 0.480969 0.43325 917
19 0.472071 0.425954 716
20 0.466634 0.430611 610
21 0.463174 0.4161 805
22 0.463668 0.414423 811
23 0.464162 0.432822 831
24 0.421157 0.428811 693
25 0.480969 0.422013 879
26 0.491844 0.422838 905
27 0.45477 0.423523 869
28 0.471083 0.429985 841
29 0.459713 0.421486 847
PRECISAO DO ENSEMBLE 0.574889
0 0.431982
1 0.373547
2 0.383031
3 0.380414
4 0.376261
5 0.395913
6 0.353672
7 0.346792
8 0.378593
9 0.364066
10 0.323869
11 0.323867
12 0.368755
13 0.379651
14 0.385909
15 0.326056
16 0.381344
17 0.374342
18 0.377286
19 0.383671
20 0.320936
21 0.348065
22 0.371823
23 0.384216
24 0.326011
25 0.411831
26 0.361517
27 0.370739
28 0.380541
29 0.388121

Geração 9

EXTERNO, INTERNO e N de FEATURES
0 0.480475 0.437025 879
1 0.472565 0.41744 866
2 0.492338 0.415623 859
3 0.47306 0.413155 865
4 0.474048 0.422368 861
5 0.493327 0.429236 813
6 0.445378 0.422352 789
7 0.464656 0.425507 629
8 0.471083 0.436536 685
9 0.468611 0.435742 738
10 0.478497 0.428768 747
11 0.470094 0.421088 778
12 0.47652 0.424341 650
13 0.462679 0.421052 851
14 0.481463 0.441483 801
15 0.446367 0.431077 594
16 0.488384 0.434712 789
17 0.470588 0.414189 865
18 0.489372 0.426239 838
19 0.468611 0.434246 668
20 0.484429 0.437437 832
21 0.47652 0.41642 838
22 0.488384 0.423975 860
23 0.468611 0.414306 841
24 0.486901 0.429376 799
25 0.495798 0.423017 874
26 0.48344 0.423108 896
27 0.47998 0.425378 857
28 0.479486 0.428973 835
29 0.446861 0.429613 780
PRECISAO DO ENSEMBLE 0.570934
0 0.393096
1 0.376258
2 0.385796
3 0.378649
4 0.381977
5 0.392141
6 0.345371
7 0.329279
8 0.394772
9 0.394861
10 0.365215
11 0.351981
12 0.360299
13 0.368581
14 0.374912
15 0.320681
16 0.36986
17 0.391688
18 0.367544
19 0.312886
20 0.372383
21 0.34992
22 0.398403
23 0.385462
24 0.396374
25 0.394084
26 0.401719
27 0.388882
28 0.393806
29 0.331512

Geração 10

EXTERNO, INTERNO e N de FEATURES
0 0.479486 0.429895 862
1 0.449333 0.420458 880
2 0.45823 0.418446 873
3 0.492832 0.433664 867
4 0.49827 0.428937 862
5 0.490361 0.433139 772
6 0.461196 0.423695 719
7 0.478992 0.432631 681
8 0.434009 0.41568 704
9 0.463174 0.419663 712
10 0.446367 0.429518 681
11 0.466139 0.429327 831
12 0.471577 0.411294 825
13 0.47306 0.448958 636
14 0.517548 0.428843 821
15 0.489372 0.426717 765
16 0.431043 0.429085 626
17 0.450321 0.435303 711
18 0.454276 0.431117 750
19 0.476026 0.422802 806
20 0.457242 0.419317 718
21 0.467128 0.426577 691
22 0.495304 0.428944 771
23 0.462185 0.416067 844
24 0.450816 0.44051 775
25 0.462679 0.42188 836
26 0.468117 0.434364 838
27 0.477509 0.455336 634
28 0.479486 0.428224 851
29 0.478497 0.440872 778
PRECISAO DO ENSEMBLE 0.572912
0 0.36952
1 0.356439
2 0.381317
3 0.413196
4 0.366583
5 0.39783
6 0.379751
7 0.352246
8 0.304254
9 0.34371
10 0.321246
11 0.388444
12 0.344206
13 0.359459
14 0.38213
15 0.354293
16 0.293877
17 0.354268
18 0.326464
19 0.357169
20 0.328962
21 0.369704
22 0.387713
23 0.369511
24 0.366052
25 0.365897
26 0.36006
27 0.348643
28 0.382745
29 0.370486

Geração 11

EXTERNO, INTERNO e N de FEATURES
0 0.463668 0.426497 857
1 0.448344 0.411242 850
2 0.48344 0.419627 847
3 0.466634 0.427607 854
4 0.480969 0.418533 852
5 0.472071 0.434268 718
6 0.427583 0.414051 767
7 0.482452 0.429065 766
8 0.443401 0.41203 776
9 0.431043 0.420013 821
10 0.470094 0.425758 721
11 0.47998 0.425068 857
12 0.477014 0.432134 845
13 0.45823 0.425045 707
14 0.444884 0.439704 727
15 0.4696 0.444165 721
16 0.43302 0.420084 763
17 0.459713 0.416048 773
18 0.494315 0.42622 809
19 0.470588 0.431985 834
20 0.45823 0.422582 691
21 0.445378 0.419078 750
22 0.455759 0.42178 743
23 0.473554 0.435464 793
24 0.448344 0.434297 680
25 0.450816 0.428748 684
26 0.474543 0.425426 690
27 0.431043 0.414782 643
28 0.481957 0.445475 754
29 0.488878 0.423061 841
PRECISAO DO ENSEMBLE 0.573406
0 0.390841
1 0.343978
2 0.401131
3 0.353625
4 0.34401
5 0.351755
6 0.319587
7 0.402696
8 0.316731
9 0.344053
10 0.379347
11 0.360774
12 0.364108
13 0.332931
14 0.317903
15 0.385757
16 0.302578
17 0.331621
18 0.395281
19 0.37075
20 0.334141
21 0.29046
22 0.356043
23 0.367874
24 0.342751
25 0.333148
26 0.366781
27 0.29433
28 0.394812
29 0.349513

Geração 12

EXTERNO, INTERNO e N de FEATURES
0 0.487395 0.432824 751
1 0.472565 0.437026 743
2 0.478992 0.440881 753
3 0.478497 0.437302 737
4 0.45477 0.417828 763
5 0.476026 0.430978 825
6 0.445378 0.436072 692
7 0.467128 0.421621 782
8 0.44785 0.426656 763
9 0.497281 0.431405 740
10 0.448838 0.420201 768
11 0.43648 0.409086 696
12 0.481463 0.436049 786
13 0.45823 0.428194 822
14 0.468117 0.428808 829
15 0.448838 0.417024 710
16 0.500741 0.415161 828
17 0.471083 0.420188 824
18 0.452793 0.426579 750
19 0.441424 0.414999 842
20 0.497281 0.422676 787
21 0.448838 0.410076 785
22 0.45823 0.422464 728
23 0.481463 0.428514 716
24 0.481957 0.4268 821
25 0.493327 0.421387 815
26 0.491844 0.43192 845
27 0.424123 0.416897 832
28 0.483935 0.421769 840
29 0.448344 0.419324 795
PRECISAO DO ENSEMBLE 0.574889
0 0.370469
1 0.387951
2 0.402998
3 0.392137
4 0.376596
5 0.382013
6 0.365978
7 0.372498
8 0.345375
9 0.386007
10 0.373304
11 0.310242
12 0.369055
13 0.357421
14 0.383419
15 0.301863
16 0.38266
17 0.359095
18 0.361229
19 0.343702
20 0.348659
21 0.329949
22 0.345997
23 0.369842
24 0.389069
25 0.378327
26 0.40688
27 0.301575
28 0.366996
29 0.29879

Geração 13

EXTERNO, INTERNO e N de FEATURES
0 0.473554 0.425992 817
1 0.441918 0.417411 822
2 0.505685 0.432103 824
3 0.47652 0.435075 815
4 0.48344 0.429965 818
5 0.467622 0.431328 682
6 0.430549 0.41102 691
7 0.497281 0.424204 811
8 0.507168 0.428184 806
9 0.472565 0.421508 796
10 0.470094 0.419918 820
11 0.470094 0.448003 758
12 0.466634 0.426446 811
13 0.42264 0.414131 704
14 0.431537 0.423112 675
15 0.467128 0.416074 809
16 0.480969 0.44327 754
17 0.468611 0.433374 751
18 0.442412 0.430627 750
19 0.467128 0.423005 745
20 0.461196 0.417899 830
21 0.477014 0.424704 830
22 0.472565 0.420681 808
23 0.463174 0.422014 753
24 0.467128 0.433201 789
25 0.47998 0.427862 833
26 0.500247 0.426944 801
27 0.448838 0.414298 767
28 0.48344 0.417053 829
29 0.464162 0.419115 745
PRECISAO DO ENSEMBLE 0.567474
0 0.381181
1 0.350487
2 0.414672
3 0.408815
4 0.365969
5 0.360203
6 0.339606
7 0.40705
8 0.388559
9 0.393976
10 0.376931
11 0.381264
12 0.345723
13 0.304998
14 0.344587
15 0.360968
16 0.417933
17 0.374534
18 0.346445
19 0.37157
20 0.349743
21 0.382404
22 0.381986
23 0.346483
24 0.385492
25 0.357964
26 0.396081
27 0.354994
28 0.420705
29 0.35872

Geração 14

EXTERNO, INTERNO e N de FEATURES
0 0.495304 0.418255 818
1 0.472071 0.420298 814
2 0.505685 0.422104 805
3 0.459713 0.410214 802
4 0.464162 0.415728 821
5 0.49481 0.429304 801
6 0.4696 0.435411 798
7 0.474543 0.423074 794
8 0.457242 0.429305 792
9 0.43648 0.408403 792
10 0.463668 0.425135 745
11 0.466139 0.42126 776
12 0.489372 0.445115 774
13 0.436975 0.420922 673
14 0.492338 0.417843 735
15 0.478992 0.42191 749
16 0.487395 0.448068 733
17 0.467622 0.4258 804
18 0.456747 0.42032 769
19 0.474048 0.425345 810
20 0.468117 0.428901 806
21 0.435492 0.422305 790
22 0.450816 0.421452 733
23 0.431043 0.425818 795
24 0.476026 0.431731 743
25 0.479486 0.436284 810
26 0.496787 0.426047 829
27 0.456747 0.449038 801
28 0.475037 0.437259 821
29 0.427088 0.416793 723
PRECISAO DO ENSEMBLE 0.571429
0 0.390332
1 0.373799
2 0.384791
3 0.358847
4 0.380164
5 0.419745
6 0.35911
7 0.374281
8 0.361958
9 0.336444
10 0.332055
11 0.328263
12 0.38052
13 0.3389
14 0.349648
15 0.365931
16 0.401169
17 0.390654
18 0.381661
19 0.394412
20 0.377754
21 0.400363
22 0.319701
23 0.351047
24 0.37975
25 0.378706
26 0.357191
27 0.409565
28 0.399955
29 0.308427

Geração 15

EXTERNO, INTERNO e N de FEATURES
0 0.477014 0.4387 790
1 0.500741 0.433802 784
2 0.498764 0.437577 785
3 0.475037 0.433267 782
4 0.465151 0.431432 788
5 0.454276 0.427612 796
6 0.470094 0.43354 768
7 0.438458 0.406784 745
8 0.470094 0.415695 762
9 0.471577 0.416495 748
10 0.462679 0.415045 775
11 0.436975 0.418039 792
12 0.462679 0.424022 791
13 0.458725 0.41961 757
14 0.479486 0.419746 736
15 0.453287 0.419442 769
16 0.475531 0.429598 788
17 0.483935 0.424951 812
18 0.459713 0.435196 785
19 0.461196 0.422138 821
20 0.459219 0.456664 795
21 0.462185 0.425478 784
22 0.470588 0.438156 691
23 0.467622 0.421093 729
24 0.468117 0.407256 814
25 0.490361 0.442121 757
26 0.465151 0.415569 795
27 0.47306 0.429467 765
28 0.465151 0.423938 759
29 0.482946 0.429775 774
PRECISAO DO ENSEMBLE 0.572912
0 0.401602
1 0.380028
2 0.416678
3 0.396249
4 0.362798
5 0.372911
6 0.360766
7 0.306674
8 0.329535
9 0.358047
10 0.330155
11 0.337127
12 0.33595
13 0.32329
14 0.35718
15 0.354914
16 0.391658
17 0.347156
18 0.347241
19 0.364596
20 0.361804
21 0.384564
22 0.351997
23 0.342096
24 0.327311
25 0.381003
26 0.34141
27 0.329715
28 0.351174
29 0.370759

Geração 16

EXTERNO, INTERNO e N de FEATURES
0 0.490361 0.426609 778
1 0.459713 0.431937 773
2 0.464656 0.435501 774
3 0.474048 0.43126 779
4 0.485418 0.421195 768
5 0.445872 0.427128 787
6 0.472565 0.431973 689
7 0.474543 0.43198 763
8 0.453287 0.414627 771
9 0.460702 0.422962 798
10 0.45131 0.426397 763
11 0.464656 0.423189 695
12 0.497281 0.42337 755
13 0.490361 0.421495 753
14 0.484429 0.426277 731
15 0.457242 0.431573 718
16 0.468611 0.416859 721
17 0.450816 0.428938 782
18 0.477014 0.432217 764
19 0.482946 0.436296 764
20 0.489867 0.427886 743
21 0.449827 0.430542 722
22 0.464656 0.403381 801
23 0.461691 0.42172 788
24 0.461691 0.421945 777
25 0.45823 0.414096 777
26 0.446861 0.413621 729
27 0.450321 0.431236 791
28 0.457242 0.422485 741
29 0.452793 0.429902 727
PRECISAO DO ENSEMBLE 0.575383
0 0.385516
1 0.413849
2 0.410117
3 0.385634
4 0.382514
5 0.344892
6 0.334893
7 0.35964
8 0.336283
9 0.390349
10 0.333881
11 0.335258
12 0.354026
13 0.339749
14 0.359932
15 0.331668
16 0.372884
17 0.334621
18 0.378025
19 0.422356
20 0.362067
21 0.334561
22 0.352789
23 0.359128
24 0.342229
25 0.341335
26 0.306288
27 0.34923
28 0.357195
29 0.308466

Geração 17

EXTERNO, INTERNO e N de FEATURES
0 0.47306 0.420345 762
1 0.468117 0.431254 752
2 0.470588 0.42992 757
3 0.466139 0.427235 766
4 0.462185 0.422349 741
5 0.450816 0.41859 775
6 0.448838 0.427925 759
7 0.477509 0.44263 765
8 0.463668 0.423803 715
9 0.472071 0.421383 768
10 0.463668 0.42805 724
11 0.466634 0.421337 714
12 0.496293 0.429207 749
13 0.445378 0.419991 765
14 0.460208 0.416788 756
15 0.455264 0.422604 717
16 0.435986 0.434909 734
17 0.441918 0.431224 737
18 0.457242 0.427871 750
19 0.478003 0.428936 725
20 0.477014 0.418104 695
21 0.48344 0.425756 734
22 0.438952 0.416539 736
23 0.459219 0.418686 725
24 0.465151 0.439426 729
25 0.467128 0.426958 755
26 0.479486 0.42578 763
27 0.457242 0.42085 766
28 0.454276 0.416639 725
29 0.490361 0.422122 781
PRECISAO DO ENSEMBLE 0.57044
0 0.411481
1 0.383878
2 0.418041
3 0.353135
4 0.36434
5 0.350715
6 0.338592
7 0.418159
8 0.30875
9 0.319371
10 0.362548
11 0.360212
12 0.375304
13 0.362913
14 0.389278
15 0.313365
16 0.344381
17 0.362289
18 0.348317
19 0.377022
20 0.32127
21 0.37284
22 0.331057
23 0.325136
24 0.313932
25 0.358616
26 0.375068
27 0.358999
28 0.342336
29 0.367324

Geração 18

EXTERNO, INTERNO e N de FEATURES
0 0.475037 0.426935 752
1 0.44439 0.418845 756
2 0.459713 0.431685 761
3 0.472565 0.425533 766
4 0.451804 0.435185 760
5 0.446367 0.424218 718
6 0.438458 0.414215 734
7 0.45823 0.43936 696
8 0.439446 0.434229 726
9 0.445378 0.416885 741
10 0.484923 0.425875 723
11 0.475531 0.427147 736
12 0.475037 0.420062 730
13 0.465645 0.433141 762
14 0.474543 0.432115 738
15 0.479486 0.445786 750
16 0.467128 0.43526 744
17 0.464162 0.423445 744
18 0.473554 0.435833 736
19 0.481957 0.422097 774
20 0.466634 0.418311 756
21 0.489372 0.424992 745
22 0.463668 0.416546 722
23 0.500741 0.425434 774
24 0.467128 0.422935 730
25 0.505685 0.432092 730
26 0.455264 0.436268 737
27 0.45131 0.427765 722
28 0.462679 0.427775 709
29 0.471083 0.430271 755
PRECISAO DO ENSEMBLE 0.575383
0 0.353945
1 0.357753
2 0.35948
3 0.416102
4 0.367218
5 0.36046
6 0.340447
7 0.333785
8 0.3158
9 0.320167
10 0.34752
11 0.391463
12 0.397921
13 0.349269
14 0.399987
15 0.395004
16 0.366665
17 0.376706
18 0.370711
19 0.354652
20 0.346214
21 0.439338
22 0.35318
23 0.385456
24 0.36582
25 0.365362
26 0.314258
27 0.315775
28 0.348858
29 0.380226

Geração 19

EXTERNO, INTERNO e N de FEATURES
0 0.441918 0.439877 734
1 0.47306 0.424788 747
2 0.48344 0.428822 742
3 0.483935 0.433985 726
4 0.449333 0.420006 727
5 0.445378 0.411312 728
6 0.461691 0.416368 749
7 0.459713 0.429458 758
8 0.465151 0.435899 730
9 0.47306 0.421471 710
10 0.4696 0.452514 740
11 0.449827 0.417009 739
12 0.49481 0.432137 720
13 0.458725 0.42419 736
14 0.43302 0.417927 696
15 0.462679 0.434518 725
16 0.468117 0.420549 717
17 0.485912 0.435052 742
18 0.460208 0.422395 724
19 0.44785 0.418531 720
20 0.45477 0.421624 730
21 0.478497 0.433246 728
22 0.452793 0.42407 733
23 0.457242 0.417178 745
24 0.428077 0.430403 758
25 0.489372 0.427749 719
26 0.454276 0.417679 719
27 0.453782 0.430016 756
28 0.465151 0.424911 738
29 0.506179 0.443828 752
PRECISAO DO ENSEMBLE 0.578349
0 0.367234
1 0.386569
2 0.424921
3 0.376132
4 0.361648
5 0.331965
6 0.342023
7 0.380813
8 0.376729
9 0.337663
10 0.393442
11 0.348158
12 0.378057
13 0.344465
14 0.34665
15 0.407918
16 0.329808
17 0.344065
18 0.35812
19 0.329995
20 0.355625
21 0.367311
22 0.373056
23 0.349517
24 0.332476
25 0.364312
26 0.351893
27 0.374659
28 0.342919
29 0.377038

Geração 20

EXTERNO, INTERNO e N de FEATURES
0 0.45131 0.419638 732
1 0.454276 0.429743 759
2 0.495304 0.435207 722
3 0.455759 0.417195 725
4 0.45823 0.421108 741
5 0.471083 0.441827 699
6 0.45477 0.421357 716
7 0.460702 0.421217 736
8 0.45477 0.415807 699
9 0.499753 0.425908 700
10 0.464656 0.444455 724
11 0.446367 0.429014 724
12 0.448838 0.438625 734
13 0.474048 0.415963 730
14 0.469105 0.447269 742
15 0.45477 0.427299 714
16 0.459219 0.420541 743
17 0.466139 0.431779 740
18 0.4696 0.428061 730
19 0.472071 0.421937 733
20 0.446861 0.42531 729
21 0.457242 0.428856 702
22 0.477509 0.421633 701
23 0.45823 0.428421 707
24 0.427088 0.419328 766
25 0.498764 0.427793 703
26 0.4696 0.425295 739
27 0.466139 0.418327 727
28 0.49827 0.426634 739
29 0.446861 0.426143 683
PRECISAO DO ENSEMBLE 0.579832
0 0.41822
1 0.38559
2 0.415029
3 0.371479
4 0.388732
5 0.354958
6 0.346535
7 0.38706
8 0.317541
9 0.387483
10 0.344398
11 0.345415
12 0.359308
13 0.359109
14 0.367808
15 0.33304
16 0.338121
17 0.355897
18 0.379377
19 0.339757
20 0.348109
21 0.34713
22 0.366335
23 0.331861
24 0.339744
25 0.345358
26 0.312085
27 0.34458
28 0.408772
29 0.320025

Geração 21

EXTERNO, INTERNO e N de FEATURES
0 0.464162 0.421813 714
1 0.475037 0.432419 730
2 0.465151 0.422094 720
3 0.453782 0.431005 725
4 0.466139 0.433749 738
5 0.44439 0.422213 733
6 0.512605 0.431277 731
7 0.477509 0.430158 708
8 0.453782 0.419995 765
9 0.427088 0.420701 700
10 0.490361 0.429128 721
11 0.493821 0.431197 720
12 0.45477 0.420986 716
13 0.455759 0.426781 701
14 0.475531 0.432038 706
15 0.44439 0.429684 695
16 0.453287 0.436397 727
17 0.468611 0.441866 743
18 0.470588 0.440531 690
19 0.475037 0.42429 704
20 0.471083 0.431932 731
21 0.453287 0.423026 725
22 0.464162 0.418432 696
23 0.45823 0.420291 730
24 0.492338 0.42001 733
25 0.475037 0.439282 707
26 0.443401 0.432605 727
27 0.452299 0.435356 714
28 0.45131 0.431359 710
29 0.507168 0.435431 721
PRECISAO DO ENSEMBLE 0.571923
0 0.326279
1 0.415923
2 0.366807
3 0.357935
4 0.33093
5 0.33159
6 0.397489
7 0.340139
8 0.334239
9 0.315799
10 0.329876
11 0.35965
12 0.344348
13 0.344523
14 0.362909
15 0.316404
16 0.370953
17 0.35978
18 0.350864
19 0.364324
20 0.379239
21 0.311841
22 0.325276
23 0.350298
24 0.345794
25 0.36229
26 0.312126
27 0.35816
28 0.336026
29 0.406738

Geração 22

EXTERNO, INTERNO e N de FEATURES
0 0.490855 0.432505 710
1 0.471083 0.436451 736
2 0.471083 0.43157 729
3 0.459713 0.428092 713
4 0.440929 0.434293 712
5 0.443895 0.429195 738
6 0.455759 0.425879 730
7 0.458725 0.423167 690
8 0.490361 0.423588 721
9 0.45477 0.420653 725
10 0.465151 0.433275 727
11 0.478992 0.440382 707
12 0.452299 0.435506 731
13 0.459219 0.423216 731
14 0.463174 0.423545 742
15 0.484429 0.423751 719
16 0.464162 0.422172 729
17 0.491349 0.444497 724
18 0.439446 0.418344 719
19 0.491349 0.433221 720
20 0.485418 0.429128 713
21 0.468117 0.423076 716
22 0.463668 0.428556 698
23 0.443401 0.433894 701
24 0.486406 0.430725 702
25 0.466634 0.421249 697
26 0.43302 0.425317 723
27 0.465645 0.42272 710
28 0.4696 0.428551 705
29 0.443401 0.426868 702
PRECISAO DO ENSEMBLE 0.576866
0 0.382038
1 0.404389
2 0.397508
3 0.323351
4 0.339527
5 0.325695
6 0.367145
7 0.325516
8 0.377985
9 0.378823
10 0.402409
11 0.385893
12 0.352861
13 0.372153
14 0.386452
15 0.344816
16 0.327256
17 0.370282
18 0.277061
19 0.372853
20 0.367159
21 0.36726
22 0.313481
23 0.350028
24 0.382824
25 0.349311
26 0.336592
27 0.338021
28 0.372544
29 0.348304

Geração 23

EXTERNO, INTERNO e N de FEATURES
0 0.455264 0.425618 735
1 0.455264 0.42865 726
2 0.465151 0.421695 731
3 0.485418 0.428683 727
4 0.452793 0.420592 725
5 0.468117 0.426155 690
6 0.50173 0.443458 715
7 0.491844 0.440648 709
8 0.476026 0.43584 738
9 0.460702 0.417824 729
10 0.489372 0.426751 712
11 0.463668 0.422639 700
12 0.485418 0.432078 699
13 0.471577 0.43738 693
14 0.475531 0.424704 704
15 0.449827 0.426588 725
16 0.450321 0.424764 721
17 0.452299 0.423708 729
18 0.441918 0.424104 703
19 0.443895 0.426211 705
20 0.459219 0.427268 701
21 0.471577 0.43625 713
22 0.427088 0.423842 703
23 0.469105 0.428446 734
24 0.431043 0.422035 722
25 0.466139 0.435826 714
26 0.471083 0.418861 717
27 0.440929 0.429155 705
28 0.492832 0.425829 717
29 0.481957 0.435664 689
PRECISAO DO ENSEMBLE 0.57736
0 0.375156
1 0.391746
2 0.393104
3 0.373866
4 0.377299
5 0.391362
6 0.38088
7 0.404986
8 0.394817
9 0.325158
10 0.362035
11 0.359822
12 0.367964
13 0.356684
14 0.355284
15 0.348322
16 0.358709
17 0.349374
18 0.324111
19 0.354028
20 0.348164
21 0.359942
22 0.321437
23 0.35081
24 0.311742
25 0.346145
26 0.334452
27 0.359332
28 0.356339
29 0.376921

Geração 24

EXTERNO, INTERNO e N de FEATURES
0 0.485912 0.440735 708
1 0.483935 0.436156 710
2 0.45131 0.452422 713
3 0.478003 0.434429 706
4 0.495798 0.438834 703
5 0.484923 0.432826 691
6 0.479486 0.430524 727
7 0.487395 0.425048 703
8 0.454276 0.422916 710
9 0.50173 0.424906 717
10 0.474543 0.426251 705
11 0.475531 0.419297 717
12 0.450816 0.424883 685
13 0.456747 0.429877 711
14 0.438458 0.416421 691
15 0.471083 0.431558 698
16 0.473554 0.42807 685
17 0.506673 0.428309 714
18 0.478003 0.422758 720
19 0.472565 0.427327 697
20 0.468611 0.422768 689
21 0.449827 0.454241 699
22 0.506179 0.432994 695
23 0.464162 0.426836 684
24 0.471577 0.440029 701
25 0.45131 0.439021 700
26 0.456253 0.424183 710
27 0.469105 0.428714 717
28 0.465151 0.424765 690
29 0.442412 0.426592 699
PRECISAO DO ENSEMBLE 0.574889
0 0.393332
1 0.366704
2 0.386777
3 0.406445
4 0.394148
5 0.359856
6 0.405745
7 0.372074
8 0.314364
9 0.341017
10 0.387648
11 0.338456
12 0.34491
13 0.334543
14 0.310442
15 0.3492
16 0.349249
17 0.376983
18 0.391026
19 0.37698
20 0.328111
21 0.332558
22 0.40675
23 0.370201
24 0.390947
25 0.368271
26 0.360659
27 0.342884
28 0.327668
29 0.334885

Geração 25

EXTERNO, INTERNO e N de FEATURES
0 0.478497 0.431537 690
1 0.496293 0.434469 687
2 0.482946 0.44155 700
3 0.497776 0.445473 690
4 0.47998 0.433569 680
5 0.459219 0.415675 693
6 0.445378 0.432879 722
7 0.454276 0.430451 699
8 0.460702 0.431372 699
9 0.474048 0.420605 671
10 0.487395 0.428192 698
11 0.44785 0.424158 707
12 0.459713 0.426213 690
13 0.470588 0.42484 711
14 0.477509 0.432363 704
15 0.481463 0.430144 685
16 0.431043 0.425592 690
17 0.467128 0.421961 722
18 0.483935 0.433877 696
19 0.464162 0.439014 695
20 0.452793 0.426073 711
21 0.466634 0.427472 690
22 0.480475 0.428441 692
23 0.471083 0.427998 717
24 0.44439 0.429776 694
25 0.474543 0.432041 709
26 0.474048 0.436486 701
27 0.472071 0.429532 668
28 0.452793 0.411571 716
29 0.487889 0.425677 730
PRECISAO DO ENSEMBLE 0.571923
0 0.352744
1 0.398249
2 0.405304
3 0.390911
4 0.347913
5 0.34651
6 0.37907
7 0.361446
8 0.351198
9 0.332378
10 0.33885
11 0.330196
12 0.316998
13 0.329025
14 0.350326
15 0.329944
16 0.32462
17 0.311795
18 0.360287
19 0.375524
20 0.35869
21 0.353122
22 0.381947
23 0.334705
24 0.353643
25 0.350832
26 0.38381
27 0.346639
28 0.310005
29 0.337195

Geração 26

EXTERNO, INTERNO e N de FEATURES
0 0.470094 0.433805 683
1 0.479486 0.430293 697
2 0.473554 0.432789 692
3 0.475531 0.430032 704
4 0.471083 0.429303 699
5 0.443895 0.418264 702
6 0.463174 0.414359 692
7 0.432526 0.412841 705
8 0.483935 0.430759 696
9 0.459219 0.427833 729
10 0.48344 0.436675 684
11 0.457242 0.425481 700
12 0.463668 0.43535 684
13 0.446861 0.426212 663
14 0.493821 0.425479 691
15 0.482452 0.435083 668
16 0.448344 0.421741 686
17 0.459713 0.443566 723
18 0.485418 0.439233 672
19 0.47998 0.435695 682
20 0.464656 0.437749 705
21 0.437469 0.410484 693
22 0.44439 0.420018 681
23 0.465645 0.45574 682
24 0.492338 0.427914 706
25 0.44439 0.423248 712
26 0.446367 0.420528 686
27 0.495798 0.421908 707
28 0.462679 0.427014 696
29 0.437963 0.441552 685
PRECISAO DO ENSEMBLE 0.571429
0 0.355297
1 0.367489
2 0.361106
3 0.360121
4 0.399613
5 0.295275
6 0.322595
7 0.304758
8 0.346572
9 0.317173
10 0.351968
11 0.361389
12 0.313485
13 0.348955
14 0.377566
15 0.359383
16 0.33701
17 0.320971
18 0.372921
19 0.344656
20 0.367401
21 0.307184
22 0.342889
23 0.382134
24 0.3796
25 0.31558
26 0.315223
27 0.329764
28 0.368352
29 0.333304

Geração 27

EXTERNO, INTERNO e N de FEATURES
0 0.48344 0.432524 709
1 0.478992 0.431813 709
2 0.464162 0.42883 701
3 0.457736 0.420198 690
4 0.475037 0.439328 681
5 0.480475 0.446877 671
6 0.463668 0.426034 712
7 0.460702 0.43739 689
8 0.47652 0.412888 701
9 0.455759 0.426627 680
10 0.441424 0.426476 677
11 0.452793 0.432752 697
12 0.477509 0.443341 699
13 0.481463 0.428549 691
14 0.471083 0.423072 674
15 0.482452 0.444976 674
16 0.460702 0.425923 685
17 0.485912 0.431365 678
18 0.439446 0.441076 670
19 0.45823 0.423287 684
20 0.482452 0.441496 691
21 0.474048 0.437562 701
22 0.482452 0.429987 664
23 0.44785 0.418924 691
24 0.454276 0.423401 708
25 0.458725 0.432132 671
26 0.490361 0.437643 683
27 0.463668 0.420866 710
28 0.43302 0.414531 699
29 0.424123 0.41289 705
PRECISAO DO ENSEMBLE 0.572417
0 0.396757
1 0.355972
2 0.387847
3 0.311004
4 0.387935
5 0.354896
6 0.314115
7 0.364412
8 0.332528
9 0.319015
10 0.331123
11 0.324611
12 0.352921
13 0.397292
14 0.329688
15 0.346589
16 0.364706
17 0.337722
18 0.350163
19 0.352657
20 0.417885
21 0.39072
22 0.361834
23 0.315959
24 0.316323
25 0.373829
26 0.39752
27 0.336155
28 0.296072
29 0.299167

Geração 28

EXTERNO, INTERNO e N de FEATURES
0 0.452793 0.442979 689
1 0.477014 0.424765 682
2 0.464656 0.43384 671
3 0.481957 0.433125 671
4 0.471577 0.426154 693
5 0.475531 0.418661 700
6 0.495798 0.436739 668
7 0.436975 0.417834 698
8 0.442907 0.422302 699
9 0.45131 0.419744 695
10 0.465645 0.435945 683
11 0.507168 0.438553 679
12 0.483935 0.43943 678
13 0.467622 0.432257 677
14 0.465151 0.443576 665
15 0.472071 0.415588 694
16 0.467622 0.453578 669
17 0.489372 0.427222 686
18 0.47998 0.43612 695
19 0.487889 0.433823 706
20 0.478003 0.434772 680
21 0.468117 0.431758 672
22 0.487889 0.434168 690
23 0.485418 0.420652 706
24 0.477014 0.447516 701
25 0.465645 0.421607 677
26 0.461691 0.436892 677
27 0.465151 0.444954 673
28 0.497281 0.43053 711
29 0.477509 0.423485 707
PRECISAO DO ENSEMBLE 0.570934
0 0.372128
1 0.339208
2 0.357216
3 0.383963
4 0.373787
5 0.314673
6 0.363228
7 0.323759
8 0.330167
9 0.306865
10 0.365412
11 0.372962
12 0.379339
13 0.360169
14 0.327949
15 0.336983
16 0.355813
17 0.352423
18 0.378707
19 0.364859
20 0.392979
21 0.3402
22 0.358608
23 0.340343
24 0.402438
25 0.319233
26 0.356769
27 0.374817
28 0.306967
29 0.361537

Geração 29

EXTERNO, INTERNO e N de FEATURES
0 0.459219 0.432406 694
1 0.450816 0.424407 691
2 0.458725 0.424835 696
3 0.447355 0.438328 696
4 0.45477 0.42965 677
5 0.476026 0.424982 709
6 0.427583 0.421239 669
7 0.484429 0.430033 702
8 0.470094 0.435643 669
9 0.471083 0.428634 690
10 0.464162 0.413724 673
11 0.462679 0.426445 681
12 0.461691 0.444163 678
13 0.459713 0.427563 665
14 0.459219 0.429235 662
15 0.45823 0.424353 677
16 0.442412 0.415745 702
17 0.463174 0.43128 687
18 0.49827 0.44092 676
19 0.462679 0.430469 729
20 0.468117 0.428598 672
21 0.455264 0.427249 707
22 0.480969 0.43127 678
23 0.441918 0.420567 682
24 0.462679 0.42567 681
25 0.460702 0.425228 675
26 0.449333 0.427816 675
27 0.468611 0.436783 665
28 0.486406 0.43356 680
29 0.497281 0.447967 679
PRECISAO DO ENSEMBLE 0.575383
0 0.334392
1 0.314082
2 0.352657
3 0.350977
4 0.354393
5 0.375421
6 0.283898
7 0.317239
8 0.367576
9 0.305793
10 0.317766
11 0.338842
12 0.385294
13 0.355022
14 0.329179
15 0.353857
16 0.307375
17 0.334458
18 0.370752
19 0.31142
20 0.34832
21 0.312443
22 0.361458
23 0.289617
24 0.351614
25 0.330555
26 0.316172
27 0.334564
28 0.378783
29 0.353783

Geração 30

EXTERNO, INTERNO e N de FEATURES
0 0.468117 0.457894 675
1 0.463668 0.426008 675
2 0.490361 0.437877 694
3 0.462679 0.436312 667
4 0.465151 0.445112 678
5 0.452793 0.432957 674
6 0.47306 0.42922 671
7 0.462185 0.415703 717
8 0.463174 0.448028 677
9 0.482946 0.460606 667
10 0.464162 0.429244 667
11 0.459219 0.437827 656
12 0.465645 0.440216 695
13 0.475037 0.440263 687
14 0.456747 0.441614 664
15 0.446861 0.427043 681
16 0.453782 0.422466 683
17 0.468611 0.426217 658
18 0.452793 0.424807 680
19 0.465151 0.435442 674
20 0.452793 0.426312 701
21 0.465151 0.436986 681
22 0.499753 0.438923 681
23 0.475037 0.435487 686
24 0.47998 0.434476 676
25 0.450816 0.434318 701
26 0.459713 0.425737 703
27 0.443895 0.421873 681
28 0.481957 0.435445 688
29 0.461691 0.431088 675
PRECISAO DO ENSEMBLE 0.575877
0 0.37281
1 0.347261
2 0.38209
3 0.378614
4 0.381483
5 0.349153
6 0.345053
7 0.308094
8 0.324755
9 0.400162
10 0.325208
11 0.326331
12 0.359354
13 0.355046
14 0.340479
15 0.354422
16 0.348825
17 0.358328
18 0.333197
19 0.351734
20 0.354398
21 0.364342
22 0.348442
23 0.38432
24 0.335782
25 0.311767
26 0.346792
27 0.328108
28 0.356369
29 0.330652

Geração 31

EXTERNO, INTERNO e N de FEATURES
0 0.506673 0.437102 675
1 0.492832 0.443655 668
2 0.480969 0.442803 665
3 0.466139 0.430418 662
4 0.472565 0.430292 669
5 0.464162 0.425815 667
6 0.465645 0.447549 681
7 0.464656 0.423779 697
8 0.474543 0.433058 677
9 0.469105 0.436983 674
10 0.45477 0.442749 671
11 0.490855 0.437791 693
12 0.468611 0.425538 685
13 0.452299 0.416124 685
14 0.44439 0.421122 692
15 0.457736 0.434419 665
16 0.481957 0.430987 666
17 0.47306 0.430433 667
18 0.456253 0.420262 698
19 0.469105 0.425576 715
20 0.474048 0.43143 652
21 0.480969 0.430586 667
22 0.430054 0.429269 705
23 0.48344 0.433963 667
24 0.463174 0.424275 675
25 0.464162 0.428458 702
26 0.467128 0.428244 653
27 0.45131 0.42435 694
28 0.443401 0.426134 691
29 0.471083 0.42866 675
PRECISAO DO ENSEMBLE 0.576866
0 0.354137
1 0.374882
2 0.408279
3 0.322074
4 0.351582
5 0.310709
6 0.362178
7 0.371097
8 0.37331
9 0.353278
10 0.360299
11 0.344627
12 0.346327
13 0.340409
14 0.311702
15 0.312861
16 0.361958
17 0.340053
18 0.333171
19 0.316637
20 0.374162
21 0.345777
22 0.333387
23 0.374069
24 0.32197
25 0.366486
26 0.34434
27 0.333845
28 0.311069
29 0.34075

Geração 32

EXTERNO, INTERNO e N de FEATURES
0 0.47998 0.439536 657
1 0.480969 0.430535 666
2 0.482452 0.432311 670
3 0.48344 0.435809 667
4 0.486406 0.439756 669
5 0.455264 0.432303 646
6 0.449827 0.443478 662
7 0.451804 0.428916 671
8 0.452299 0.423971 694
9 0.47652 0.44054 694
10 0.442907 0.442299 690
11 0.497281 0.431448 676
12 0.446367 0.423129 670
13 0.460702 0.44237 662
14 0.455759 0.433017 696
15 0.463668 0.420575 709
16 0.452793 0.429108 682
17 0.437963 0.445348 671
18 0.435986 0.42089 651
19 0.472565 0.423958 651
20 0.445378 0.441034 672
21 0.467128 0.417391 703
22 0.444884 0.437569 658
23 0.471083 0.434429 654
24 0.462185 0.428616 704
25 0.469105 0.438286 679
26 0.449827 0.425045 673
27 0.45823 0.420088 689
28 0.463174 0.434437 676
29 0.465645 0.43353 678
PRECISAO DO ENSEMBLE 0.57736
0 0.356765
1 0.352709
2 0.37267
3 0.363462
4 0.359602
5 0.31282
6 0.383527
7 0.332598
8 0.333188
9 0.364037
10 0.331417
11 0.365001
12 0.331317
13 0.334671
14 0.377594
15 0.353007
16 0.333013
17 0.321585
18 0.295545
19 0.342893
20 0.36541
21 0.342805
22 0.314626
23 0.312379
24 0.324881
25 0.363679
26 0.365826
27 0.318712
28 0.367273
29 0.341837

Geração 33

EXTERNO, INTERNO e N de FEATURES
0 0.455759 0.435647 665
1 0.452299 0.438167 669
2 0.465645 0.437805 661
3 0.475531 0.436997 664
4 0.455759 0.437031 663
5 0.478992 0.422391 684
6 0.449827 0.425711 699
7 0.441424 0.417192 679
8 0.481463 0.427084 664
9 0.45477 0.4347 689
10 0.461196 0.43667 667
11 0.464162 0.433608 692
12 0.489867 0.442223 700
13 0.441424 0.419953 688
14 0.468117 0.434826 673
15 0.445872 0.424429 663
16 0.472071 0.450154 674
17 0.445378 0.43401 667
18 0.481463 0.444159 684
19 0.465151 0.428676 657
20 0.481957 0.434155 701
21 0.44785 0.43188 657
22 0.439446 0.43098 673
23 0.449333 0.418825 683
24 0.478003 0.425856 664
25 0.480475 0.422605 703
26 0.455759 0.417878 689
27 0.45131 0.426728 656
28 0.491349 0.436883 677
29 0.48344 0.441144 678
PRECISAO DO ENSEMBLE 0.564508
0 0.363624
1 0.329814
2 0.373995
3 0.407691
4 0.360363
5 0.315143
6 0.319596
7 0.294043
8 0.318274
9 0.353256
10 0.364862
11 0.357405
12 0.36106
13 0.316656
14 0.337315
15 0.311983
16 0.389757
17 0.320192
18 0.34083
19 0.325925
20 0.36901
21 0.329858
22 0.33983
23 0.332876
24 0.332451
25 0.3482
26 0.301117
27 0.309378
28 0.363927
29 0.357833

Geração 34

EXTERNO, INTERNO e N de FEATURES
0 0.468117 0.453857 668
1 0.486901 0.438 666
2 0.452793 0.439185 657
3 0.463668 0.433276 662
4 0.47306 0.445021 667
5 0.464162 0.44358 658
6 0.468117 0.425237 725
7 0.442412 0.422826 687
8 0.478003 0.431478 691
9 0.468117 0.431573 666
10 0.464656 0.432045 697
11 0.498764 0.440671 666
12 0.447355 0.426451 699
13 0.474048 0.456631 665
14 0.446367 0.434384 676
15 0.453782 0.421966 667
16 0.471577 0.422464 687
17 0.460208 0.423619 680
18 0.45477 0.437983 694
19 0.445872 0.441529 683
20 0.480969 0.436079 690
21 0.448838 0.424264 671
22 0.443895 0.428481 676
23 0.467622 0.43885 694
24 0.42264 0.431103 649
25 0.437963 0.445514 675
26 0.470588 0.440616 650
27 0.461196 0.433056 661
28 0.482946 0.449656 682
29 0.467128 0.428531 680
PRECISAO DO ENSEMBLE 0.562037
0 0.388721
1 0.384991
2 0.372508
3 0.358884
4 0.403767
5 0.336188
6 0.308274
7 0.31714
8 0.368699
9 0.348041
10 0.348687
11 0.354416
12 0.312214
13 0.355549
14 0.370847
15 0.320888
16 0.330144
17 0.348633
18 0.321108
19 0.336301
20 0.363532
21 0.321495
22 0.361926
23 0.322319
24 0.321711
25 0.292697
26 0.372848
27 0.355522
28 0.330014
29 0.342416

Geração 35

EXTERNO, INTERNO e N de FEATURES
0 0.474048 0.456086 663
1 0.476026 0.442338 672
2 0.484923 0.435003 664
3 0.47652 0.431923 662
4 0.459219 0.429249 665
5 0.470094 0.427506 682
6 0.435986 0.433151 655
7 0.456747 0.438672 685
8 0.455264 0.439848 679
9 0.484429 0.43792 692
10 0.455264 0.447633 641
11 0.432526 0.437658 674
12 0.447355 0.418904 670
13 0.44785 0.425086 690
14 0.435492 0.426323 678
15 0.460702 0.427289 666
16 0.454276 0.431015 688
17 0.467128 0.425516 660
18 0.45477 0.415885 693
19 0.459713 0.44057 656
20 0.462185 0.450641 669
21 0.441424 0.417631 657
22 0.470588 0.421611 676
23 0.454276 0.423515 686
24 0.49827 0.45001 670
25 0.421651 0.431166 666
26 0.466139 0.43316 652
27 0.474543 0.435254 673
28 0.4696 0.440844 647
29 0.463668 0.432618 653
PRECISAO DO ENSEMBLE 0.571429
0 0.360777
1 0.388141
2 0.38399
3 0.366646
4 0.319034
5 0.352384
6 0.298232
7 0.359524
8 0.338672
9 0.382255
10 0.320058
11 0.294928
12 0.305895
13 0.319635
14 0.298647
15 0.326261
16 0.351807
17 0.336475
18 0.317586
19 0.308458
20 0.378029
21 0.271643
22 0.332421
23 0.336745
24 0.38989
25 0.304957
26 0.32708
27 0.347425
28 0.359657
29 0.337456

Geração 36

EXTERNO, INTERNO e N de FEATURES
