Carregando documentos....
2023 documentos carregados com 1311 termos.
Geração 1

EXTERNO, INTERNO e N de FEATURES
0 0.251112 0.640669 73
1 0.186357 0.681666 57
2 0.257044 0.680159 72
3 0.24172 0.62735 60
4 0.165101 0.667845 55
5 0.17301 0.660363 58
6 0.282748 0.69705 74
7 0.212556 0.607763 70
8 0.189817 0.70072 53
9 0.208601 0.691347 59
10 0.237766 0.572646 72
11 0.261987 0.629442 75
12 0.277311 0.656851 73
13 0.175482 0.607185 66
14 0.214039 0.641448 64
15 0.196243 0.643239 54
16 0.207612 0.60092 64
17 0.250124 0.616453 82
18 0.173505 0.639457 60
19 0.21997 0.636345 64
20 0.203164 0.649852 57
21 0.242215 0.714536 58
22 0.231834 0.666987 67
23 0.192289 0.61075 67
24 0.192783 0.614413 60
25 0.192783 0.696043 58
26 0.172516 0.60025 61
27 0.228868 0.66647 70
28 0.177459 0.599258 76
29 0.244686 0.633844 71
PRECISAO DO ENSEMBLE 0.352447
0 0.083277
1 0.056748
2 0.100855
3 0.116481
4 0.0569268
5 0.0464283
6 0.0973519
7 0.102176
8 0.0919093
9 0.0602024
10 0.133555
11 0.0955871
12 0.105574
13 0.0621635
14 0.0736602
15 0.0845696
16 0.130216
17 0.136658
18 0.0611506
19 0.102943
20 0.0921129
21 0.0694079
22 0.141178
23 0.0583087
24 0.15447
25 0.0607106
26 0.0853292
27 0.0561107
28 0.0705213
29 0.119799

Geração 2

EXTERNO, INTERNO e N de FEATURES
0 0.282254 0.555083 126
1 0.289174 0.574191 120
2 0.311913 0.544382 131
3 0.291646 0.558678 117
4 0.302027 0.574209 123
5 0.290657 0.546326 136
6 0.283243 0.553372 133
7 0.298072 0.568375 134
8 0.295106 0.598279 123
9 0.284726 0.578886 123
10 0.294612 0.526463 140
11 0.289174 0.552286 130
12 0.2783 0.581451 124
13 0.317845 0.560616 130
14 0.28176 0.54516 130
15 0.296095 0.540369 141
16 0.274839 0.567247 132
17 0.319822 0.529376 144
18 0.286209 0.580481 134
19 0.28522 0.561747 123
20 0.299555 0.562874 124
21 0.341078 0.546948 143
22 0.2783 0.538663 135
23 0.299555 0.593278 111
24 0.285714 0.508058 148
25 0.293129 0.58416 127
26 0.312407 0.575309 124
27 0.318833 0.567462 132
28 0.30351 0.56925 114
29 0.294612 0.535511 145
PRECISAO DO ENSEMBLE 0.331191
0 0.175306
1 0.24775
2 0.206981
3 0.294194
4 0.325271
5 0.205489
6 0.216842
7 0.23132
8 0.277053
9 0.284531
10 0.245242
11 0.276017
12 0.225667
13 0.193976
14 0.26477
15 0.188257
16 0.218738
17 0.220437
18 0.224613
19 0.302693
20 0.252637
21 0.240641
22 0.24151
23 0.224947
24 0.244806
25 0.296109
26 0.261569
27 0.257083
28 0.210456
29 0.185312

Geração 3

EXTERNO, INTERNO e N de FEATURES
0 0.324765 0.500228 199
1 0.305487 0.480301 204
2 0.337123 0.505391 186
3 0.316362 0.502763 193
4 0.307958 0.503322 189
5 0.340089 0.501101 202
6 0.347009 0.520022 189
7 0.338112 0.513087 192
8 0.319822 0.486665 207
9 0.32526 0.496428 196
10 0.306476 0.490871 196
11 0.31735 0.495035 196
12 0.346021 0.500378 202
13 0.299555 0.527621 184
14 0.341572 0.524513 192
15 0.327237 0.500197 193
16 0.33218 0.500266 207
17 0.309936 0.484568 216
18 0.347504 0.496203 198
19 0.336629 0.505687 197
20 0.307464 0.485914 189
21 0.297578 0.513521 186
22 0.334652 0.502256 198
23 0.324765 0.490794 210
24 0.329708 0.499165 194
25 0.333663 0.500425 205
26 0.362333 0.501207 193
27 0.327731 0.504053 188
28 0.324765 0.494084 193
29 0.341078 0.50703 198
PRECISAO DO ENSEMBLE 0.370737
0 0.298428
1 0.291321
2 0.315332
3 0.314234
4 0.320629
5 0.300455
6 0.299864
7 0.298456
8 0.331543
9 0.304813
10 0.279568
11 0.273303
12 0.300961
13 0.359602
14 0.263371
15 0.292038
16 0.244542
17 0.21377
18 0.359729
19 0.288803
20 0.3213
21 0.346165
22 0.301146
23 0.240095
24 0.305911
25 0.287728
26 0.296518
27 0.341606
28 0.29606
29 0.278833

Geração 4

EXTERNO, INTERNO e N de FEATURES
0 0.370737 0.489451 243
1 0.341078 0.474528 238
2 0.360356 0.510414 243
3 0.351458 0.483095 243
4 0.298566 0.471696 230
5 0.35393 0.471367 262
6 0.358379 0.481348 248
7 0.341572 0.465415 245
8 0.361345 0.484336 254
9 0.354424 0.477274 238
10 0.320811 0.463745 240
11 0.348987 0.479706 246
12 0.351953 0.481841 242
13 0.37914 0.464377 251
14 0.319822 0.477426 232
15 0.377657 0.478185 249
16 0.362827 0.490509 248
17 0.36085 0.472619 256
18 0.337617 0.489975 245
19 0.358379 0.471774 236
20 0.369254 0.482861 242
21 0.349975 0.47049 244
22 0.323777 0.477969 240
23 0.366782 0.494262 234
24 0.3391 0.480736 226
25 0.320811 0.483344 240
26 0.337617 0.473542 243
27 0.354424 0.491661 241
28 0.339595 0.497138 249
29 0.345526 0.487093 240
PRECISAO DO ENSEMBLE 0.386555
0 0.3352
1 0.277001
2 0.285794
3 0.324755
4 0.289073
5 0.294083
6 0.259088
7 0.283229
8 0.312035
9 0.270982
10 0.292441
11 0.289665
12 0.329692
13 0.289573
14 0.324718
15 0.29553
16 0.316589
17 0.360649
18 0.335837
19 0.304259
20 0.312752
21 0.261162
22 0.361616
23 0.326462
24 0.29466
25 0.342098
26 0.294787
27 0.313022
28 0.29915
29 0.357001

Geração 5

EXTERNO, INTERNO e N de FEATURES
0 0.362333 0.454571 295
1 0.347009 0.470206 280
2 0.347504 0.459161 267
3 0.351458 0.471047 292
4 0.392486 0.475034 284
5 0.350964 0.471244 283
6 0.383589 0.49019 271
7 0.373702 0.462994 278
8 0.373208 0.472315 277
9 0.349481 0.483197 267
10 0.391498 0.474081 278
11 0.354424 0.472374 286
12 0.380623 0.485495 275
13 0.360356 0.4718 283
14 0.361345 0.463823 276
15 0.369748 0.462787 303
16 0.35047 0.464653 292
17 0.351458 0.468723 283
18 0.349975 0.476515 288
19 0.36085 0.453721 294
20 0.368265 0.459312 307
21 0.327731 0.470135 266
22 0.373208 0.477313 279
23 0.37914 0.465144 300
24 0.373702 0.469354 272
25 0.365793 0.476212 281
26 0.368759 0.473636 281
27 0.373208 0.48159 280
28 0.351458 0.454367 288
29 0.373702 0.472952 274
PRECISAO DO ENSEMBLE 0.392981
0 0.274269
1 0.344645
2 0.327286
3 0.314191
4 0.262269
5 0.300078
6 0.31705
7 0.299322
8 0.301352
9 0.266964
10 0.290285
11 0.293363
12 0.342714
13 0.296127
14 0.341
15 0.287418
16 0.234128
17 0.300119
18 0.27684
19 0.332321
20 0.279071
21 0.331097
22 0.298513
23 0.302921
24 0.340153
25 0.308926
26 0.286218
27 0.30424
28 0.368493
29 0.306439

Geração 6

EXTERNO, INTERNO e N de FEATURES
0 0.372219 0.461337 303
1 0.372714 0.458402 319
2 0.388532 0.462967 306
3 0.394958 0.470133 316
4 0.377657 0.465417 307
5 0.3826 0.458075 311
6 0.393475 0.471677 300
7 0.392981 0.470431 302
8 0.405339 0.452611 316
9 0.390015 0.459175 318
10 0.377657 0.4657 319
11 0.389026 0.468292 317
12 0.385566 0.452565 322
13 0.375185 0.462403 305
14 0.398418 0.455908 299
15 0.383589 0.452312 321
16 0.38606 0.455541 304
17 0.36431 0.4577 312
18 0.367771 0.449652 328
19 0.402373 0.460857 308
20 0.37914 0.465234 306
21 0.365793 0.452235 316
22 0.394958 0.459204 315
23 0.387049 0.461694 314
24 0.401384 0.470401 310
25 0.393969 0.487299 297
26 0.409787 0.456056 303
27 0.38606 0.472611 314
28 0.376174 0.475503 299
29 0.400395 0.47526 316
PRECISAO DO ENSEMBLE 0.415225
0 0.323754
1 0.307273
2 0.349693
3 0.351887
4 0.314519
5 0.369662
6 0.352199
7 0.334102
8 0.300339
9 0.323278
10 0.356385
11 0.285809
12 0.336155
13 0.322685
14 0.338449
15 0.362111
16 0.30265
17 0.344321
18 0.339802
19 0.30878
20 0.384982
21 0.322499
22 0.313604
23 0.333684
24 0.293134
25 0.327394
26 0.331016
27 0.351099
28 0.313977
29 0.374282

Geração 7

EXTERNO, INTERNO e N de FEATURES
0 0.395452 0.463727 344
1 0.394958 0.458345 350
2 0.400395 0.450206 341
3 0.397924 0.457471 354
4 0.41127 0.466333 351
5 0.386555 0.458023 351
6 0.404844 0.459537 360
7 0.394958 0.463311 365
8 0.410776 0.458133 344
9 0.395452 0.460006 350
10 0.397924 0.451605 356
11 0.394464 0.449707 353
12 0.423134 0.462089 361
13 0.367276 0.468294 342
14 0.403856 0.475317 354
15 0.415225 0.448898 357
16 0.401878 0.461204 350
17 0.407316 0.477004 361
18 0.393475 0.454004 342
19 0.411765 0.444165 355
20 0.402867 0.455859 347
21 0.429066 0.454498 351
22 0.39743 0.45984 356
23 0.402373 0.461578 359
24 0.394464 0.450941 345
25 0.415719 0.454232 346
26 0.419674 0.460002 346
27 0.408304 0.459018 351
28 0.406327 0.447318 355
29 0.377657 0.463672 339
PRECISAO DO ENSEMBLE 0.416708
0 0.376942
1 0.334224
2 0.356343
3 0.316866
4 0.3771
5 0.322398
6 0.373768
7 0.357505
8 0.331195
9 0.361464
10 0.338811
11 0.313004
12 0.340283
13 0.320594
14 0.373451
15 0.350622
16 0.319812
17 0.326638
18 0.328156
19 0.364409
20 0.298705
21 0.360414
22 0.32969
23 0.323232
24 0.337547
25 0.30678
26 0.328011
27 0.325718
28 0.32802
29 0.320946

Geração 8

EXTERNO, INTERNO e N de FEATURES
0 0.375185 0.443898 371
1 0.388038 0.459906 363
2 0.392486 0.447411 370
3 0.413248 0.461253 367
4 0.393475 0.464528 367
5 0.391003 0.448074 370
6 0.401878 0.449602 367
7 0.403856 0.459238 371
8 0.41127 0.450326 375
9 0.391498 0.455459 372
10 0.408799 0.448221 370
11 0.391498 0.442005 379
12 0.396935 0.445231 370
13 0.394958 0.446374 354
14 0.390015 0.451167 373
15 0.389521 0.447396 370
16 0.41127 0.464705 363
17 0.400395 0.450913 362
18 0.413248 0.445149 384
19 0.409787 0.446699 389
20 0.403856 0.456057 382
21 0.385072 0.445891 369
22 0.403856 0.43307 369
23 0.414236 0.457026 357
24 0.410776 0.452962 369
25 0.40435 0.446702 373
26 0.4261 0.447286 396
27 0.450816 0.466171 370
28 0.42264 0.454957 384
29 0.405339 0.444849 376
PRECISAO DO ENSEMBLE 0.441918
0 0.294298
1 0.349274
2 0.349637
3 0.30853
4 0.309354
5 0.30355
6 0.305192
7 0.349602
8 0.341834
9 0.32643
10 0.277717
11 0.320352
12 0.362399
13 0.305563
14 0.338635
15 0.304143
16 0.365923
17 0.347162
18 0.336615
19 0.301171
20 0.358737
21 0.348416
22 0.332962
23 0.308628
24 0.285226
25 0.29854
26 0.321153
27 0.329874
28 0.342518
29 0.314439

Geração 9

EXTERNO, INTERNO e N de FEATURES
0 0.384083 0.459927 390
1 0.433515 0.452846 402
2 0.422145 0.442106 415
3 0.389521 0.450952 402
4 0.452793 0.462781 403
5 0.382106 0.440664 403
6 0.418191 0.453875 396
7 0.394464 0.449356 404
8 0.426594 0.457268 399
9 0.45823 0.455397 398
10 0.439941 0.443902 425
11 0.391498 0.45239 392
12 0.40089 0.45205 412
13 0.40781 0.451754 398
14 0.409787 0.457089 403
15 0.415225 0.461093 415
16 0.406822 0.451646 392
17 0.431537 0.449457 402
18 0.412259 0.448594 403
19 0.427088 0.460801 399
20 0.414236 0.438084 405
21 0.419179 0.445372 402
22 0.413742 0.460425 395
23 0.405339 0.451315 395
24 0.410282 0.449516 409
25 0.406822 0.447829 399
26 0.419179 0.442244 423
27 0.410776 0.447871 419
28 0.423628 0.449116 399
29 0.423134 0.456409 410
PRECISAO DO ENSEMBLE 0.462679
0 0.31917
1 0.327635
2 0.350816
3 0.348337
4 0.344367
5 0.327667
6 0.353811
7 0.301911
8 0.317302
9 0.354181
10 0.346037
11 0.37784
12 0.381934
13 0.339857
14 0.343306
15 0.327893
16 0.388345
17 0.383127
18 0.327301
19 0.380186
20 0.323951
21 0.334297
22 0.334853
23 0.367088
24 0.383308
25 0.321922
26 0.338036
27 0.341832
28 0.323763
29 0.316091

Geração 10

EXTERNO, INTERNO e N de FEATURES
0 0.417696 0.443085 431
1 0.455759 0.452827 424
2 0.436975 0.444634 440
3 0.454276 0.447966 446
4 0.420662 0.454077 428
5 0.425111 0.462341 439
6 0.402867 0.446585 440
7 0.430549 0.44561 441
8 0.428571 0.446533 425
9 0.411765 0.451571 438
10 0.424123 0.445264 430
11 0.416214 0.447469 427
12 0.433515 0.442808 426
13 0.431537 0.45205 425
14 0.403361 0.437779 426
15 0.432032 0.447744 439
16 0.416708 0.457005 437
17 0.413248 0.463325 421
18 0.406327 0.454367 436
19 0.440435 0.444332 436
20 0.455759 0.439808 439
21 0.417696 0.447257 439
22 0.409293 0.439921 433
23 0.410776 0.442405 423
24 0.440929 0.456449 441
25 0.442907 0.447975 434
26 0.434998 0.446521 423
27 0.418191 0.439264 431
28 0.431043 0.44385 446
29 0.424123 0.443278 412
PRECISAO DO ENSEMBLE 0.441918
0 0.362482
1 0.33192
2 0.363002
3 0.362439
4 0.39303
5 0.373392
6 0.351873
7 0.365848
8 0.376221
9 0.337418
10 0.387058
11 0.373393
12 0.350201
13 0.358799
14 0.337977
15 0.366685
16 0.38866
17 0.372297
18 0.345793
19 0.36061
20 0.363574
21 0.368488
22 0.335244
23 0.367575
24 0.348237
25 0.357977
26 0.379794
27 0.342016
28 0.363429
29 0.324037

Geração 11

EXTERNO, INTERNO e N de FEATURES
0 0.412753 0.437739 436
1 0.474048 0.452206 447
2 0.4261 0.451126 431
3 0.420662 0.448444 444
4 0.456253 0.441906 444
5 0.437963 0.446904 441
6 0.43648 0.450014 427
7 0.436975 0.442305 451
8 0.450321 0.465879 432
9 0.43302 0.45552 441
10 0.438458 0.444505 440
11 0.434009 0.449686 428
12 0.405339 0.462221 431
13 0.431537 0.452678 427
14 0.443895 0.435215 441
15 0.428571 0.447613 429
16 0.415225 0.446003 419
17 0.426594 0.442773 443
18 0.434503 0.44892 444
19 0.431043 0.449289 440
20 0.432032 0.45081 429
21 0.399407 0.461595 444
22 0.450816 0.432267 434
23 0.442907 0.463786 436
24 0.453287 0.449343 436
25 0.432526 0.454865 440
26 0.432032 0.452383 444
27 0.42264 0.441206 425
28 0.425606 0.446966 434
29 0.437963 0.467396 434
PRECISAO DO ENSEMBLE 0.465645
0 0.331886
1 0.389901
2 0.351967
3 0.32937
4 0.33599
5 0.360695
6 0.370563
7 0.347977
8 0.324087
9 0.382397
10 0.349035
11 0.325892
12 0.316915
13 0.343747
14 0.33278
15 0.324883
16 0.364921
17 0.359083
18 0.325718
19 0.30386
20 0.323716
21 0.312017
22 0.398858
23 0.374566
24 0.320707
25 0.367063
26 0.343534
27 0.356647
28 0.335196
29 0.335685

Geração 12

EXTERNO, INTERNO e N de FEATURES
0 0.45131 0.447965 463
1 0.443401 0.443667 452
2 0.435986 0.444764 459
3 0.435492 0.463081 460
4 0.434009 0.450234 476
5 0.464162 0.448071 462
6 0.412753 0.428653 467
7 0.420168 0.448219 459
8 0.446367 0.457993 458
9 0.426594 0.46914 444
10 0.465645 0.455775 462
11 0.43302 0.441127 449
12 0.427088 0.436097 464
13 0.427583 0.44942 447
14 0.41127 0.447805 451
15 0.430054 0.447315 450
16 0.441424 0.444329 474
17 0.424617 0.441466 449
18 0.434503 0.437641 453
19 0.441918 0.443074 457
20 0.423628 0.446126 459
21 0.434503 0.435195 450
22 0.440929 0.446855 446
23 0.44439 0.456998 465
24 0.466634 0.447558 454
25 0.457736 0.45659 472
26 0.431043 0.450178 468
27 0.430549 0.433512 455
28 0.438952 0.457146 448
29 0.435986 0.448883 456
PRECISAO DO ENSEMBLE 0.460208
0 0.361605
1 0.404728
2 0.354848
3 0.379978
4 0.366314
5 0.40138
6 0.354252
7 0.345331
8 0.374605
9 0.4115
10 0.417466
11 0.352707
12 0.34212
13 0.386299
14 0.346687
15 0.381272
16 0.345203
17 0.330823
18 0.366594
19 0.387549
20 0.367554
21 0.378234
22 0.402042
23 0.349415
24 0.360383
25 0.39205
26 0.373344
27 0.385635
28 0.379938
29 0.359254

Geração 13

EXTERNO, INTERNO e N de FEATURES
0 0.453287 0.449899 478
1 0.405833 0.451181 467
2 0.428077 0.444501 480
3 0.444884 0.441076 472
4 0.453287 0.445749 489
5 0.439941 0.44325 491
6 0.429066 0.449993 460
7 0.423134 0.440664 464
8 0.450321 0.452466 464
9 0.45477 0.441121 482
10 0.438952 0.439504 476
11 0.443895 0.445673 474
12 0.419674 0.464061 471
13 0.432032 0.468933 470
14 0.425111 0.443064 469
15 0.434503 0.447498 483
16 0.42264 0.441342 463
17 0.417202 0.446359 475
18 0.435986 0.439754 482
19 0.446367 0.457772 485
20 0.437963 0.457459 461
21 0.431537 0.460178 475
22 0.453287 0.439408 486
23 0.415225 0.442171 467
24 0.448838 0.442399 464
25 0.440929 0.456235 477
26 0.418685 0.443123 481
27 0.438952 0.446542 475
28 0.391498 0.441751 447
29 0.460702 0.443636 459
PRECISAO DO ENSEMBLE 0.465151
0 0.373197
1 0.378737
2 0.39247
3 0.366157
4 0.412635
5 0.40866
6 0.339483
7 0.377431
8 0.384402
9 0.396082
10 0.355228
11 0.384465
12 0.420808
13 0.404964
14 0.352726
15 0.372634
16 0.339212
17 0.380784
18 0.329277
19 0.370893
20 0.344103
21 0.391681
22 0.339874
23 0.337024
24 0.343072
25 0.413263
26 0.346223
27 0.34397
28 0.354343
29 0.340843

Geração 14

EXTERNO, INTERNO e N de FEATURES
0 0.443895 0.453186 483
1 0.45477 0.447972 478
2 0.450816 0.452218 482
3 0.429066 0.444235 476
4 0.461196 0.442798 487
5 0.437963 0.452794 463
6 0.446367 0.446934 476
7 0.411765 0.436041 489
8 0.432032 0.441733 481
9 0.465151 0.455516 481
10 0.455264 0.456505 473
11 0.45477 0.450246 464
12 0.455264 0.444819 464
13 0.434009 0.43501 476
14 0.437963 0.43809 480
15 0.424617 0.444319 492
16 0.443895 0.451026 489
17 0.435986 0.443036 474
18 0.459219 0.452908 477
19 0.438952 0.44678 477
20 0.440929 0.445576 480
21 0.44785 0.451381 477
22 0.468611 0.456402 473
23 0.440929 0.447445 475
24 0.443401 0.451881 461
25 0.45823 0.448177 479
26 0.45823 0.447963 485
27 0.438458 0.459907 480
28 0.444884 0.452934 470
29 0.464162 0.448972 497
PRECISAO DO ENSEMBLE 0.485418
0 0.392735
1 0.453292
2 0.370766
3 0.3916
4 0.440507
5 0.381794
6 0.372557
7 0.365994
8 0.401887
9 0.400777
10 0.379785
11 0.4083
12 0.404728
13 0.342367
14 0.361833
15 0.354395
16 0.382698
17 0.362757
18 0.395397
19 0.355238
20 0.384454
21 0.373625
22 0.403871
23 0.385917
24 0.412389
25 0.412486
26 0.441896
27 0.368497
28 0.403617
29 0.400021

Geração 15

EXTERNO, INTERNO e N de FEATURES
0 0.466139 0.447261 510
1 0.459713 0.431504 502
2 0.446367 0.43994 515
3 0.480969 0.442426 508
4 0.468117 0.437817 504
5 0.443895 0.445283 498
6 0.460208 0.450762 507
7 0.459713 0.435176 511
8 0.467128 0.443762 509
9 0.456747 0.438253 518
10 0.45477 0.436732 516
11 0.44439 0.444524 515
12 0.465645 0.441704 516
13 0.459219 0.438567 525
14 0.465151 0.452632 518
15 0.476026 0.451977 521
16 0.460702 0.442463 495
17 0.493327 0.438491 512
18 0.450321 0.445808 515
19 0.45131 0.441276 506
20 0.465151 0.447441 505
21 0.4696 0.443479 516
22 0.477509 0.437604 515
23 0.468611 0.434113 537
24 0.448838 0.446285 510
25 0.472071 0.454735 517
26 0.452299 0.435093 521
27 0.448838 0.441681 524
28 0.477509 0.451036 506
29 0.470094 0.442974 520
PRECISAO DO ENSEMBLE 0.510628
0 0.375118
1 0.395816
2 0.380034
3 0.414128
4 0.406655
5 0.378828
6 0.388265
7 0.389121
8 0.39315
9 0.363159
10 0.397508
11 0.39166
12 0.411296
13 0.417184
14 0.475522
15 0.445373
16 0.442884
17 0.418959
18 0.389242
19 0.377634
20 0.424884
21 0.434317
22 0.388921
23 0.446038
24 0.366006
25 0.375653
26 0.431027
27 0.377221
28 0.370599
29 0.421336

Geração 16

EXTERNO, INTERNO e N de FEATURES
0 0.477014 0.450177 539
1 0.45477 0.444953 531
2 0.47652 0.439893 540
3 0.452299 0.440038 510
4 0.461196 0.44642 522
5 0.466139 0.448622 542
6 0.443895 0.441164 529
7 0.459713 0.444544 530
8 0.465151 0.443505 533
9 0.450321 0.443181 529
10 0.445378 0.444439 535
11 0.484923 0.441886 531
12 0.459219 0.445431 535
13 0.492832 0.459731 529
14 0.44785 0.435696 523
15 0.486901 0.454182 531
16 0.453782 0.436556 534
17 0.473554 0.442601 518
18 0.462185 0.439551 524
19 0.495304 0.438581 533
20 0.478992 0.449248 536
21 0.454276 0.44055 536
22 0.462679 0.450516 545
23 0.478992 0.442209 532
24 0.497776 0.453409 529
25 0.484429 0.449346 535
26 0.44785 0.446887 527
27 0.452793 0.438225 533
28 0.466139 0.440578 538
29 0.486406 0.44464 538
PRECISAO DO ENSEMBLE 0.510628
0 0.446897
1 0.434112
2 0.412009
3 0.42523
4 0.419652
5 0.382306
6 0.433488
7 0.396399
8 0.40496
9 0.426941
10 0.380976
11 0.452393
12 0.417802
13 0.433273
14 0.40467
15 0.464912
16 0.370555
17 0.447942
18 0.409519
19 0.44643
20 0.476834
21 0.419218
22 0.420543
23 0.430122
24 0.420109
25 0.445365
26 0.411795
27 0.381823
28 0.435172
29 0.416703

Geração 17

EXTERNO, INTERNO e N de FEATURES
0 0.435492 0.444187 549
1 0.455759 0.438497 547
2 0.472565 0.442678 562
3 0.472071 0.448563 551
4 0.478497 0.441027 541
5 0.49827 0.44556 554
6 0.45131 0.439882 546
7 0.477014 0.441987 552
8 0.481463 0.436617 556
9 0.459219 0.437336 551
10 0.462185 0.434501 544
11 0.439446 0.428327 547
12 0.482946 0.443349 535
13 0.45131 0.433848 550
14 0.461691 0.448615 564
15 0.477509 0.440895 547
16 0.456253 0.448708 560
17 0.446367 0.438465 549
18 0.446861 0.427559 545
19 0.482452 0.449742 541
20 0.466139 0.444407 555
21 0.484923 0.449115 552
22 0.487889 0.452555 548
23 0.461691 0.433981 546
24 0.459713 0.44647 543
25 0.460208 0.457782 549
26 0.469105 0.457635 553
27 0.463668 0.444286 541
28 0.455264 0.463005 547
29 0.455759 0.438232 549
PRECISAO DO ENSEMBLE 0.514582
0 0.379674
1 0.363299
2 0.40053
3 0.441013
4 0.41711
5 0.439011
6 0.387914
7 0.42291
8 0.377563
9 0.389866
10 0.408643
11 0.366111
12 0.354332
13 0.371217
14 0.389921
15 0.429267
16 0.380453
17 0.387431
18 0.385368
19 0.404391
20 0.365616
21 0.375225
22 0.394698
23 0.391184
24 0.401813
25 0.435359
26 0.433138
27 0.449464
28 0.430745
29 0.430728

Geração 18

EXTERNO, INTERNO e N de FEATURES
0 0.473554 0.436497 561
1 0.464162 0.433288 556
2 0.470094 0.443583 569
3 0.466634 0.434203 558
4 0.448838 0.443691 573
5 0.454276 0.446851 559
6 0.468117 0.438086 577
7 0.467622 0.455902 561
8 0.49481 0.440365 553
9 0.444884 0.437577 576
10 0.446367 0.439691 571
11 0.467622 0.441354 561
12 0.47306 0.456422 566
13 0.460702 0.444979 562
14 0.459219 0.438935 573
15 0.468117 0.442633 559
16 0.47306 0.44256 565
17 0.474048 0.442942 555
18 0.478497 0.434894 557
19 0.440929 0.431989 558
20 0.480475 0.430084 578
21 0.475531 0.438315 577
22 0.468611 0.44974 565
23 0.453287 0.438058 564
24 0.434009 0.446472 553
25 0.452299 0.429287 563
26 0.467622 0.450922 559
27 0.457736 0.444903 564
28 0.453782 0.438197 555
29 0.47306 0.444689 559
PRECISAO DO ENSEMBLE 0.507168
0 0.414603
1 0.445664
2 0.402023
3 0.381023
4 0.373645
5 0.395004
6 0.391951
7 0.444917
8 0.430409
9 0.338504
10 0.427082
11 0.455078
12 0.399161
13 0.425278
14 0.368382
15 0.334751
16 0.403119
17 0.423194
18 0.407433
19 0.429281
20 0.411574
21 0.441596
22 0.404819
23 0.409555
24 0.374238
25 0.414416
26 0.418809
27 0.413089
28 0.410382
29 0.461413

Geração 19

EXTERNO, INTERNO e N de FEATURES
0 0.440929 0.436035 561
1 0.456253 0.430458 557
2 0.459713 0.43897 577
3 0.465151 0.431569 574
4 0.462679 0.43287 571
5 0.447355 0.433878 578
6 0.434503 0.44371 570
7 0.448344 0.442477 561
8 0.44439 0.432395 581
9 0.452793 0.452785 565
10 0.442907 0.436543 565
11 0.476026 0.42795 567
12 0.479486 0.434177 568
13 0.452793 0.45076 557
14 0.470094 0.44323 560
15 0.451804 0.429085 566
16 0.472071 0.450856 563
17 0.459713 0.432564 559
18 0.45477 0.43999 574
19 0.461691 0.437619 575
20 0.443895 0.444456 566
21 0.462185 0.430611 572
22 0.463174 0.446201 563
23 0.45823 0.434056 557
24 0.459713 0.436708 566
25 0.447355 0.442002 572
26 0.463174 0.445834 582
27 0.443401 0.435511 569
28 0.4696 0.432389 572
29 0.468117 0.445156 570
PRECISAO DO ENSEMBLE 0.49827
0 0.334337
1 0.364602
2 0.374254
3 0.427093
4 0.382623
5 0.38864
6 0.40044
7 0.440284
8 0.385083
9 0.404313
10 0.372517
11 0.416118
12 0.437952
13 0.394882
14 0.410877
15 0.380142
16 0.43121
17 0.361498
18 0.39138
19 0.373869
20 0.429349
21 0.405816
22 0.409504
23 0.420518
24 0.426999
25 0.392131
26 0.45393
27 0.396691
28 0.427889
29 0.429253

Geração 20

EXTERNO, INTERNO e N de FEATURES
0 0.461691 0.436076 575
1 0.471577 0.442121 578
2 0.486406 0.428998 572
3 0.45131 0.430476 572
4 0.450321 0.435471 585
5 0.442412 0.439036 582
6 0.457736 0.451477 582
7 0.456253 0.428294 584
8 0.466139 0.435124 575
9 0.450816 0.427108 581
10 0.448344 0.437161 581
11 0.445378 0.434781 582
12 0.465151 0.456701 584
13 0.441918 0.434576 565
14 0.460208 0.430235 588
15 0.428571 0.422683 588
16 0.45477 0.442095 584
17 0.475037 0.434679 597
18 0.450816 0.435668 576
19 0.456747 0.43563 570
20 0.45477 0.440822 580
21 0.450816 0.438401 583
22 0.455264 0.432101 575
23 0.480475 0.450072 579
24 0.476026 0.432498 582
25 0.460702 0.442066 571
26 0.460702 0.440144 566
27 0.44785 0.440897 575
28 0.456253 0.448935 593
29 0.489867 0.449452 579
PRECISAO DO ENSEMBLE 0.507662
0 0.426378
1 0.469272
2 0.407299
3 0.39257
4 0.403558
5 0.363256
6 0.376651
7 0.371053
8 0.382602
9 0.32861
10 0.354228
11 0.38444
12 0.397885
13 0.370589
14 0.403632
15 0.367878
16 0.393646
17 0.424774
18 0.418389
19 0.346774
20 0.402165
21 0.356743
22 0.408758
23 0.417146
24 0.410677
25 0.363836
26 0.434171
27 0.350716
28 0.372064
29 0.405636

Geração 21

EXTERNO, INTERNO e N de FEATURES
0 0.458725 0.43634 591
1 0.477014 0.440646 596
2 0.471577 0.436932 584
3 0.468117 0.438716 592
4 0.448344 0.440628 580
5 0.468117 0.433857 589
6 0.474543 0.438811 581
7 0.49827 0.437026 589
8 0.477509 0.432775 594
9 0.453782 0.426307 601
10 0.459713 0.447538 574
11 0.474543 0.442766 587
12 0.453782 0.4312 569
13 0.470094 0.42671 582
14 0.461691 0.431167 582
15 0.459219 0.429727 582
16 0.463668 0.442462 604
17 0.464162 0.442548 585
18 0.443401 0.440446 594
19 0.462679 0.432485 593
20 0.441918 0.431673 590
21 0.453287 0.4281 593
22 0.456253 0.429518 602
23 0.45823 0.450299 594
24 0.456747 0.43047 587
25 0.454276 0.434342 598
26 0.452793 0.441783 584
27 0.435492 0.442361 575
28 0.442907 0.435954 585
29 0.463668 0.437771 592
PRECISAO DO ENSEMBLE 0.515077
0 0.42729
1 0.38595
2 0.365297
3 0.390232
4 0.381987
5 0.441509
6 0.44091
7 0.38024
8 0.438855
9 0.352552
10 0.387239
11 0.368638
12 0.39818
13 0.387886
14 0.389611
15 0.369805
16 0.407483
17 0.399597
18 0.410227
19 0.415276
20 0.35991
21 0.382162
22 0.43847
23 0.436411
24 0.344986
25 0.392965
26 0.359906
27 0.371924
28 0.394994
29 0.394776

Geração 22

EXTERNO, INTERNO e N de FEATURES
0 0.448344 0.437766 609
1 0.453782 0.442556 604
2 0.464656 0.439207 590
3 0.470094 0.437865 606
4 0.484429 0.418456 612
5 0.462679 0.437888 618
6 0.451804 0.436694 601
7 0.457736 0.438016 597
8 0.474543 0.435187 604
9 0.466634 0.43187 591
10 0.456747 0.437149 596
11 0.442907 0.420783 589
12 0.47652 0.441404 599
13 0.468611 0.430012 593
14 0.461196 0.442739 615
15 0.468611 0.432009 602
16 0.467622 0.426828 590
17 0.462185 0.439875 593
18 0.443401 0.424354 591
19 0.431537 0.434019 576
20 0.445872 0.443609 591
21 0.465645 0.432869 600
22 0.466634 0.441155 580
23 0.449827 0.440749 601
24 0.447355 0.436801 608
25 0.485418 0.432999 599
26 0.467622 0.422764 616
27 0.437469 0.445798 596
28 0.45131 0.426157 600
29 0.447355 0.428542 586
PRECISAO DO ENSEMBLE 0.50173
0 0.361288
1 0.388722
2 0.375936
3 0.382935
4 0.391358
5 0.406025
6 0.327025
7 0.413698
8 0.408112
9 0.369445
10 0.402766
11 0.368803
12 0.397826
13 0.391059
14 0.388556
15 0.353144
16 0.382476
17 0.424134
18 0.385183
19 0.346055
20 0.405263
21 0.412675
22 0.412249
23 0.413204
24 0.342885
25 0.37502
26 0.377768
27 0.393096
28 0.407702
29 0.36379

Geração 23

EXTERNO, INTERNO e N de FEATURES
0 0.439941 0.434974 597
1 0.468611 0.435987 591
2 0.449827 0.422004 601
3 0.452299 0.426629 599
4 0.466139 0.436172 602
5 0.452793 0.435145 599
6 0.435986 0.433341 580
7 0.455264 0.44584 601
8 0.420662 0.423021 605
9 0.445872 0.441964 579
10 0.447355 0.430033 602
11 0.460208 0.424858 609
12 0.450321 0.441003 585
13 0.461691 0.433669 588
14 0.455264 0.440314 598
15 0.451804 0.433173 602
16 0.421651 0.436222 589
17 0.431537 0.419226 587
18 0.461196 0.442505 595
19 0.459219 0.429196 594
20 0.464656 0.436443 593
21 0.446367 0.43253 589
22 0.428077 0.429828 603
23 0.457242 0.431843 591
24 0.443895 0.438322 584
25 0.460208 0.442016 588
26 0.475531 0.447633 604
27 0.459219 0.433444 591
28 0.44785 0.429431 611
29 0.470588 0.448073 603
PRECISAO DO ENSEMBLE 0.500247
0 0.354652
1 0.424589
2 0.384926
3 0.369135
4 0.417553
5 0.355094
6 0.377744
7 0.375422
8 0.344395
9 0.394713
10 0.393783
11 0.371192
12 0.395139
13 0.413036
14 0.385241
15 0.375801
16 0.357939
17 0.396692
18 0.38384
19 0.374729
20 0.397942
21 0.384295
22 0.369097
23 0.428146
24 0.360508
25 0.436356
26 0.441577
27 0.40356
28 0.34249
29 0.438338

Geração 24

EXTERNO, INTERNO e N de FEATURES
0 0.4696 0.44023 609
1 0.477509 0.432654 617
2 0.436975 0.42913 604
3 0.461691 0.434167 610
4 0.455264 0.428955 609
5 0.462679 0.435733 613
6 0.452793 0.439094 604
7 0.458725 0.433997 600
8 0.453287 0.427816 614
9 0.454276 0.427785 613
10 0.440435 0.433028 616
11 0.460702 0.433608 608
12 0.504202 0.44253 616
13 0.458725 0.432632 597
14 0.459219 0.43508 601
15 0.45823 0.423698 628
16 0.466634 0.43589 595
17 0.455759 0.439757 607
18 0.456747 0.436819 607
19 0.428077 0.430587 600
20 0.455759 0.431428 610
21 0.452793 0.438771 597
22 0.463668 0.429355 608
23 0.447355 0.427895 597
24 0.439941 0.428058 616
25 0.462679 0.43997 604
26 0.455264 0.433262 598
27 0.438458 0.42455 599
28 0.439446 0.438793 601
29 0.449333 0.437391 614
PRECISAO DO ENSEMBLE 0.497776
0 0.410508
1 0.375325
2 0.411629
3 0.393551
4 0.39939
5 0.42893
6 0.417231
7 0.436418
8 0.387326
9 0.380497
10 0.365603
11 0.39392
12 0.371115
13 0.375648
14 0.393162
15 0.40387
16 0.367175
17 0.436398
18 0.368103
19 0.38785
20 0.390799
21 0.400451
22 0.455213
23 0.397126
24 0.371679
25 0.379332
26 0.404753
27 0.392605
28 0.371472
29 0.43544

Geração 25

EXTERNO, INTERNO e N de FEATURES
0 0.454276 0.432318 615
1 0.457242 0.432094 620
2 0.459713 0.441601 622
3 0.476026 0.434885 629
4 0.465151 0.432395 626
5 0.436975 0.434246 620
6 0.438458 0.423532 621
7 0.463174 0.430533 609
8 0.453287 0.439847 619
9 0.426594 0.428578 615
10 0.449333 0.44136 608
11 0.4696 0.430625 627
12 0.44439 0.42473 637
13 0.447355 0.427936 627
14 0.452793 0.427302 627
15 0.439446 0.424164 638
16 0.440435 0.429507 604
17 0.444884 0.423608 621
18 0.461196 0.435931 618
19 0.44785 0.432024 627
20 0.441424 0.4327 607
21 0.444884 0.429743 628
22 0.485912 0.420487 636
23 0.440435 0.429843 615
24 0.457736 0.435508 612
25 0.4696 0.426946 632
26 0.416708 0.434519 619
27 0.481463 0.435534 623
28 0.439941 0.42855 609
29 0.42264 0.424913 614
PRECISAO DO ENSEMBLE 0.499259
0 0.403419
1 0.340535
2 0.405395
3 0.424806
4 0.424473
5 0.385467
6 0.379427
7 0.40229
8 0.360687
9 0.33111
10 0.415333
11 0.443482
12 0.392697
13 0.39791
14 0.363592
15 0.375452
16 0.375322
17 0.439893
18 0.410012
19 0.337636
20 0.377035
21 0.382456
22 0.333573
23 0.39509
24 0.420308
25 0.386643
26 0.360418
27 0.421549
28 0.363675
29 0.342843

Geração 26

EXTERNO, INTERNO e N de FEATURES
0 0.436975 0.434524 621
1 0.457736 0.434059 627
2 0.462185 0.441067 610
3 0.453782 0.431875 624
4 0.439941 0.440323 608
5 0.462679 0.424763 622
6 0.469105 0.434405 606
7 0.462185 0.431449 615
8 0.456253 0.438609 616
9 0.43648 0.42685 625
10 0.462185 0.439475 608
11 0.450321 0.428124 623
12 0.464656 0.444992 616
13 0.459713 0.43853 618
14 0.428571 0.434757 620
15 0.432032 0.434027 622
16 0.42264 0.432325 611
17 0.438458 0.437575 621
18 0.43648 0.439955 609
19 0.448838 0.425672 632
20 0.460208 0.423529 626
21 0.45823 0.429813 643
22 0.465645 0.442126 611
23 0.425111 0.427829 619
24 0.439446 0.438505 612
25 0.470094 0.436724 619
26 0.468117 0.430607 616
27 0.476026 0.429487 609
28 0.455264 0.447263 611
29 0.45823 0.433877 620
PRECISAO DO ENSEMBLE 0.503213
0 0.420179
1 0.42013
2 0.438868
3 0.409293
4 0.361729
5 0.385032
6 0.417658
7 0.366868
8 0.443078
9 0.380896
10 0.432623
11 0.404173
12 0.382687
13 0.380228
14 0.381047
15 0.35292
16 0.325198
17 0.375774
18 0.357254
19 0.380995
20 0.374155
21 0.381748
22 0.446545
23 0.370609
24 0.385363
25 0.404088
26 0.393706
27 0.412052
28 0.386352
29 0.366427

Geração 27

EXTERNO, INTERNO e N de FEATURES
0 0.432526 0.425215 617
1 0.447355 0.420146 626
2 0.459713 0.432913 632
3 0.47998 0.432918 628
4 0.446861 0.429544 619
5 0.450321 0.432082 634
6 0.456253 0.432483 618
7 0.45131 0.437425 626
8 0.45477 0.436799 626
9 0.469105 0.436531 614
10 0.439446 0.433431 617
11 0.448838 0.435778 607
12 0.474048 0.440069 622
13 0.472565 0.437708 621
14 0.455264 0.447138 624
15 0.440929 0.425421 624
16 0.463668 0.441662 625
17 0.444884 0.430279 619
18 0.468611 0.436096 623
19 0.445378 0.42958 613
20 0.460702 0.434419 615
21 0.474048 0.433333 622
22 0.45477 0.436252 611
23 0.463668 0.432572 621
24 0.446367 0.431106 630
25 0.462185 0.431608 629
26 0.443895 0.429759 617
27 0.456253 0.431646 617
28 0.435492 0.434895 622
29 0.454276 0.448023 633
PRECISAO DO ENSEMBLE 0.498764
0 0.420495
1 0.392889
2 0.432025
3 0.36373
4 0.376767
5 0.381598
6 0.384284
7 0.407493
8 0.386319
9 0.424794
10 0.408811
11 0.408979
12 0.426499
13 0.421726
14 0.380136
15 0.384337
16 0.411861
17 0.353527
18 0.412303
19 0.355238
20 0.409308
21 0.401329
22 0.41047
23 0.405349
24 0.426672
25 0.403767
26 0.403402
27 0.43592
28 0.381394
29 0.386229

Geração 28

EXTERNO, INTERNO e N de FEATURES
0 0.44785 0.440378 640
1 0.433515 0.427984 643
2 0.464162 0.442032 636
3 0.458725 0.428636 625
4 0.451804 0.424603 648
5 0.426594 0.429886 641
6 0.459219 0.448834 634
7 0.47306 0.430302 648
8 0.472071 0.425696 629
9 0.459713 0.436985 635
10 0.45131 0.449083 648
11 0.478497 0.436024 638
12 0.465645 0.440117 644
13 0.439941 0.438043 617
14 0.476026 0.433189 654
15 0.45823 0.437201 642
16 0.449333 0.431424 639
17 0.462679 0.443229 621
18 0.458725 0.437899 641
19 0.415719 0.421488 615
20 0.477509 0.431087 627
21 0.439941 0.426881 637
22 0.450816 0.419739 622
23 0.470094 0.443686 616
24 0.450816 0.44068 634
25 0.449827 0.442798 625
26 0.435492 0.430676 630
27 0.450816 0.435524 630
28 0.443895 0.439084 621
29 0.43302 0.423721 631
PRECISAO DO ENSEMBLE 0.497281
0 0.347664
1 0.393502
2 0.420127
3 0.398747
4 0.35126
5 0.371463
6 0.391116
7 0.379447
8 0.41114
9 0.429958
10 0.387689
11 0.410071
12 0.456747
13 0.378882
14 0.443228
15 0.395038
16 0.383416
17 0.427704
18 0.374114
19 0.351979
20 0.368272
21 0.394456
22 0.384861
23 0.39846
24 0.408288
25 0.425493
26 0.357896
27 0.395905
28 0.392943
29 0.422628

Geração 29

EXTERNO, INTERNO e N de FEATURES
0 0.456747 0.435884 638
1 0.468117 0.430119 640
2 0.456253 0.429411 624
3 0.479486 0.431561 626
4 0.475037 0.440817 619
5 0.450321 0.425215 631
6 0.455264 0.426708 624
7 0.458725 0.438476 620
8 0.4696 0.429903 629
9 0.462679 0.429987 632
10 0.45131 0.428252 626
11 0.453287 0.432196 630
12 0.437469 0.435696 648
13 0.450321 0.436731 625
14 0.439941 0.425047 628
15 0.457736 0.439537 642
16 0.480969 0.430352 639
17 0.463174 0.433342 623
18 0.442907 0.425176 637
19 0.454276 0.423629 631
20 0.448838 0.431264 624
21 0.428077 0.42474 646
22 0.440435 0.443682 637
23 0.466139 0.454139 632
24 0.457242 0.432089 649
25 0.45131 0.426492 634
26 0.445378 0.442516 630
27 0.464656 0.433149 629
28 0.440929 0.433411 627
29 0.461691 0.458502 630
PRECISAO DO ENSEMBLE 0.502224
0 0.356645
1 0.397661
2 0.365611
3 0.420748
4 0.391607
5 0.401836
6 0.376842
7 0.368376
8 0.391435
9 0.389628
10 0.387771
11 0.421983
12 0.376141
13 0.403581
14 0.345046
15 0.400656
16 0.380277
17 0.381644
18 0.371466
19 0.377243
20 0.420377
21 0.377483
22 0.360536
23 0.41962
24 0.389183
25 0.395065
26 0.380796
27 0.386866
28 0.3865
29 0.370737

Geração 30

EXTERNO, INTERNO e N de FEATURES
0 0.461691 0.432721 642
1 0.468117 0.446353 630
2 0.484429 0.434257 637
3 0.448838 0.432187 645
4 0.459219 0.440309 635
5 0.469105 0.443515 629
6 0.471083 0.421364 633
7 0.455264 0.427452 627
8 0.463174 0.431558 630
9 0.446367 0.436554 630
10 0.47306 0.444123 625
11 0.44439 0.424284 645
12 0.465151 0.426662 638
13 0.459713 0.438036 628
14 0.477014 0.434847 631
15 0.466634 0.436327 647
16 0.451804 0.442507 632
17 0.434503 0.439443 634
18 0.455759 0.441064 614
19 0.478003 0.434761 629
20 0.474543 0.438831 630
21 0.441918 0.436665 644
22 0.463668 0.432518 632
23 0.463668 0.435398 624
24 0.456253 0.442511 630
25 0.475037 0.435475 636
26 0.432526 0.432324 625
27 0.456253 0.445352 633
28 0.460702 0.42799 641
29 0.45823 0.435828 625
PRECISAO DO ENSEMBLE 0.503707
0 0.434128
1 0.417222
2 0.387049
3 0.391964
4 0.434951
5 0.409569
6 0.376232
7 0.365273
8 0.400797
9 0.404019
10 0.358705
11 0.382565
12 0.366585
13 0.435546
14 0.382402
15 0.414698
16 0.402067
17 0.393144
18 0.426434
19 0.412616
20 0.409346
21 0.373543
22 0.412575
23 0.380146
24 0.372856
25 0.412827
26 0.376844
27 0.438638
28 0.363839
29 0.409585

Geração 31

EXTERNO, INTERNO e N de FEATURES
0 0.464656 0.445358 623
1 0.456747 0.438484 640
2 0.469105 0.445582 625
3 0.465645 0.430246 630
4 0.453782 0.43003 613
5 0.459219 0.451058 622
6 0.474048 0.427743 643
7 0.464162 0.433451 629
8 0.45477 0.425408 625
9 0.455759 0.440352 623
10 0.456253 0.426006 621
11 0.47306 0.438592 631
12 0.482946 0.436852 625
13 0.459219 0.4341 626
14 0.455264 0.426794 626
15 0.448838 0.427671 632
16 0.465645 0.433093 622
17 0.471083 0.440366 620
18 0.4696 0.436082 637
19 0.465645 0.436919 635
20 0.451804 0.423409 617
21 0.477014 0.435406 634
22 0.460702 0.443106 635
23 0.461196 0.452495 635
24 0.459713 0.432428 624
25 0.472071 0.43847 626
26 0.478497 0.439922 620
27 0.461691 0.434573 620
28 0.453287 0.437188 631
29 0.449333 0.430379 634
PRECISAO DO ENSEMBLE 0.508156
0 0.439031
1 0.408687
2 0.382853
3 0.389765
4 0.387167
5 0.396666
6 0.39622
7 0.374615
8 0.383389
9 0.401335
10 0.426245
11 0.40552
12 0.389918
13 0.408491
14 0.350657
15 0.369556
16 0.387902
17 0.41378
18 0.398262
19 0.405505
20 0.340429
21 0.408644
22 0.402458
23 0.443235
24 0.386795
25 0.430601
26 0.3844
27 0.382569
28 0.399722
29 0.35777

Geração 32

EXTERNO, INTERNO e N de FEATURES
0 0.466139 0.435438 644
1 0.450816 0.439047 636
2 0.461691 0.42665 638
3 0.461196 0.42972 642
4 0.470588 0.43473 638
5 0.456747 0.438864 631
6 0.444884 0.429341 627
7 0.445872 0.43258 650
8 0.458725 0.440096 639
9 0.472071 0.419527 633
10 0.456747 0.441672 632
11 0.47652 0.432044 628
12 0.471577 0.427503 646
13 0.473554 0.431007 653
14 0.458725 0.428975 630
15 0.471577 0.439559 642
16 0.477014 0.448181 645
17 0.472071 0.43679 629
18 0.463174 0.429953 636
19 0.435492 0.438658 643
20 0.480475 0.446391 630
21 0.478003 0.442987 634
22 0.470094 0.452933 643
23 0.456747 0.434015 624
24 0.464656 0.43746 636
25 0.452793 0.431997 643
26 0.463668 0.433815 648
27 0.44785 0.439407 622
28 0.473554 0.435776 632
29 0.445378 0.430761 631
PRECISAO DO ENSEMBLE 0.517548
0 0.37364
1 0.414182
2 0.366048
3 0.402362
4 0.387513
5 0.380502
6 0.369531
7 0.351892
8 0.363205
9 0.403998
10 0.382839
11 0.378359
12 0.376214
13 0.381501
14 0.383199
15 0.39768
16 0.415906
17 0.396543
18 0.400787
19 0.402724
20 0.425114
21 0.389689
22 0.446549
23 0.393057
24 0.398242
25 0.3911
26 0.391561
27 0.316789
28 0.399449
29 0.388769

Geração 33

EXTERNO, INTERNO e N de FEATURES
0 0.449333 0.432083 636
1 0.481957 0.434217 629
2 0.475531 0.431915 633
3 0.456253 0.436458 644
4 0.472071 0.437491 634
5 0.455264 0.423788 634
6 0.464162 0.444846 637
7 0.450321 0.427394 629
8 0.451804 0.447967 620
9 0.490855 0.432986 624
10 0.450816 0.429625 632
11 0.469105 0.43623 638
12 0.45823 0.429944 637
13 0.468611 0.443993 625
14 0.452793 0.42912 639
15 0.43302 0.432386 627
16 0.456747 0.437936 622
17 0.457736 0.444773 625
18 0.448838 0.429122 646
19 0.445378 0.436845 624
20 0.435986 0.4387 622
21 0.452299 0.45575 649
22 0.47306 0.437763 646
23 0.464162 0.440982 620
24 0.460208 0.41913 625
25 0.45131 0.428914 624
26 0.474048 0.422034 638
27 0.476026 0.430439 631
28 0.440929 0.424682 628
29 0.465151 0.429483 633
PRECISAO DO ENSEMBLE 0.516065
0 0.355397
1 0.417364
2 0.420723
3 0.404764
4 0.385781
5 0.349169
6 0.359818
7 0.393239
8 0.444068
9 0.40719
10 0.340085
11 0.382898
12 0.417224
13 0.429156
14 0.389873
15 0.374818
16 0.332622
17 0.380567
18 0.376436
19 0.420685
20 0.387714
21 0.379876
22 0.450509
23 0.407344
24 0.367417
25 0.419302
26 0.42154
27 0.405594
28 0.377579
29 0.390535

Geração 34

EXTERNO, INTERNO e N de FEATURES
0 0.475037 0.43037 643
1 0.477014 0.440335 641
2 0.488384 0.429332 636
3 0.49481 0.44979 644
4 0.461196 0.439614 642
5 0.478992 0.43766 647
6 0.462185 0.443334 626
7 0.455264 0.434613 632
8 0.481463 0.455359 655
9 0.47652 0.433094 646
10 0.476026 0.432439 638
11 0.48344 0.43225 640
12 0.471577 0.431805 634
13 0.47306 0.451356 633
14 0.472565 0.433913 631
15 0.462679 0.434401 629
16 0.476026 0.436212 643
17 0.461196 0.447986 626
18 0.44785 0.437029 640
19 0.425606 0.428827 635
20 0.453287 0.440562 629
21 0.468611 0.434484 633
22 0.436975 0.42455 640
23 0.454276 0.427836 633
24 0.474543 0.429868 634
25 0.463174 0.434088 634
26 0.466139 0.428418 644
27 0.45131 0.434505 646
28 0.461196 0.420284 644
29 0.461691 0.442059 633
PRECISAO DO ENSEMBLE 0.512111
0 0.441929
1 0.367495
2 0.371752
3 0.422532
4 0.399954
5 0.41881
6 0.396531
7 0.376118
8 0.429983
9 0.335223
10 0.437621
11 0.375946
12 0.410826
13 0.464947
14 0.429125
15 0.446317
16 0.423388
17 0.385559
18 0.387589
19 0.353189
20 0.426548
21 0.418548
22 0.396922
23 0.425691
24 0.384184
25 0.427562
26 0.391719
27 0.39248
28 0.416371
29 0.355797

Geração 35

EXTERNO, INTERNO e N de FEATURES
0 0.452299 0.44355 633
1 0.460702 0.438308 621
2 0.489372 0.432886 647
3 0.467622 0.438701 647
4 0.435492 0.426334 638
5 0.431043 0.423112 631
6 0.461196 0.43656 637
7 0.435986 0.427013 634
8 0.44785 0.425382 642
9 0.47998 0.427637 644
10 0.460208 0.427902 642
11 0.461691 0.436973 637
12 0.480969 0.431211 639
13 0.467622 0.428449 629
14 0.476026 0.437551 620
15 0.443401 0.451427 626
16 0.45477 0.433227 628
17 0.465645 0.444691 616
18 0.471577 0.429692 643
19 0.463668 0.430658 628
20 0.461196 0.43813 626
21 0.43302 0.434745 632
22 0.451804 0.431594 635
23 0.468117 0.430723 627
24 0.465151 0.434435 629
25 0.459219 0.42889 633
26 0.48344 0.438138 634
27 0.456253 0.434349 623
28 0.460702 0.430695 627
29 0.467128 0.43052 634
PRECISAO DO ENSEMBLE 0.502224
0 0.383801
1 0.402872
2 0.408718
3 0.429106
4 0.375891
5 0.354808
6 0.353471
7 0.366315
8 0.363038
9 0.399863
10 0.409608
11 0.36888
12 0.372342
13 0.360768
14 0.379363
15 0.389977
16 0.4075
17 0.376459
18 0.366314
19 0.37882
20 0.352106
21 0.373441
22 0.391153
23 0.372614
24 0.410432
25 0.371006
26 0.440208
27 0.352307
28 0.363095
29 0.363337

Geração 36

EXTERNO, INTERNO e N de FEATURES
0 0.463668 0.427144 637
1 0.463174 0.438494 637
2 0.452299 0.423613 646
3 0.450816 0.429082 642
4 0.454276 0.427649 639
5 0.457736 0.430821 641
6 0.462679 0.446954 627
7 0.465645 0.427557 651
8 0.470588 0.427319 632
9 0.472565 0.423138 634
10 0.465645 0.442662 642
11 0.462185 0.420144 634
12 0.435492 0.423835 638
13 0.474543 0.424056 639
14 0.467128 0.424503 647
15 0.446367 0.436111 625
16 0.462185 0.443272 612
17 0.460208 0.437183 624
18 0.462679 0.430114 641
19 0.450321 0.425762 625
20 0.474048 0.433399 627
21 0.468117 0.429282 645
22 0.463668 0.441441 635
23 0.446367 0.429545 650
24 0.455759 0.423824 637
25 0.459713 0.426432 639
26 0.462185 0.430256 632
27 0.4696 0.433759 630
28 0.459219 0.420417 627
29 0.47306 0.448435 644
PRECISAO DO ENSEMBLE 0.503213
0 0.374598
1 0.410222
2 0.376224
3 0.360862
4 0.378613
5 0.372016
6 0.387652
7 0.366003
8 0.356118
9 0.394197
10 0.384913
11 0.389094
12 0.374944
13 0.402334
14 0.374529
15 0.407194
16 0.38071
17 0.384596
18 0.413038
19 0.386646
20 0.373493
21 0.403599
22 0.354301
23 0.388187
24 0.387801
25 0.374478
26 0.419756
27 0.364885
28 0.383956
29 0.411368

Geração 37

EXTERNO, INTERNO e N de FEATURES
0 0.474543 0.430368 632
1 0.486901 0.429298 635
2 0.470094 0.447437 639
3 0.466634 0.431286 655
4 0.467128 0.436786 664
5 0.453287 0.435695 642
6 0.468117 0.437262 641
7 0.458725 0.428152 646
8 0.462679 0.436153 640
9 0.440929 0.429854 648
10 0.459219 0.439878 636
11 0.477014 0.426427 647
12 0.478003 0.421822 641
13 0.464162 0.436837 644
14 0.447355 0.423982 665
15 0.432526 0.428798 626
16 0.468611 0.422543 651
17 0.457242 0.428381 654
18 0.444884 0.423035 635
19 0.465151 0.431476 641
20 0.436975 0.441276 637
21 0.459713 0.434205 647
22 0.432032 0.436217 650
23 0.449333 0.428286 655
24 0.47306 0.421585 660
25 0.461691 0.430106 643
26 0.454276 0.431669 629
27 0.474543 0.42732 643
28 0.440929 0.416995 632
29 0.457242 0.428487 642
PRECISAO DO ENSEMBLE 0.512111
0 0.363017
1 0.383505
2 0.393002
3 0.364997
4 0.41554
5 0.347168
6 0.416801
7 0.356961
8 0.341497
9 0.346204
10 0.365332
11 0.366911
12 0.381965
13 0.390419
14 0.325834
15 0.343989
16 0.349138
17 0.409282
18 0.361315
19 0.352761
20 0.348361
21 0.34661
22 0.363274
23 0.370217
24 0.342068
25 0.378111
26 0.385314
27 0.367485
28 0.321605
29 0.388151

Geração 38

EXTERNO, INTERNO e N de FEATURES
0 0.446861 0.4276 629
1 0.47306 0.436884 648
2 0.45823 0.425701 646
3 0.465645 0.428663 650
4 0.460702 0.446234 651
5 0.435986 0.430058 649
6 0.44785 0.425426 639
7 0.474543 0.439133 624
8 0.459219 0.434415 649
9 0.458725 0.432779 650
10 0.463668 0.439274 642
11 0.466634 0.435044 644
12 0.453782 0.432337 637
13 0.455264 0.434329 624
14 0.440435 0.433867 637
15 0.432032 0.42105 633
16 0.443895 0.425325 640
17 0.437963 0.442562 642
18 0.468117 0.430491 639
19 0.45131 0.431996 641
20 0.439446 0.425425 647
21 0.460208 0.435281 644
22 0.452793 0.427805 652
23 0.453287 0.432815 656
24 0.461196 0.437454 647
25 0.449333 0.432956 642
26 0.455759 0.451653 633
27 0.455759 0.44683 656
28 0.463174 0.430421 649
29 0.468611 0.433343 663
PRECISAO DO ENSEMBLE 0.494315
0 0.353729
1 0.372634
2 0.369177
3 0.375792
4 0.400537
5 0.379215
6 0.368477
7 0.36205
8 0.400869
9 0.4052
10 0.391401
11 0.393963
12 0.356709
13 0.405789
14 0.398567
15 0.325793
16 0.306117
17 0.386245
18 0.341263
19 0.431425
20 0.337947
21 0.390147
22 0.346881
23 0.307126
24 0.427314
25 0.367848
26 0.408664
27 0.405937
28 0.352115
29 0.397638

Geração 39

EXTERNO, INTERNO e N de FEATURES
0 0.449827 0.42318 650
1 0.475037 0.43118 663
2 0.469105 0.428236 653
3 0.468117 0.427155 658
4 0.438952 0.434618 658
5 0.435492 0.432748 658
6 0.453287 0.436104 642
7 0.453287 0.433608 660
8 0.460702 0.437271 656
9 0.472565 0.433534 664
10 0.453287 0.436995 639
11 0.453287 0.431613 665
12 0.467622 0.430211 664
13 0.460208 0.434378 664
14 0.456747 0.415833 650
15 0.449333 0.431391 667
16 0.467128 0.430344 644
17 0.448838 0.425967 668
18 0.452299 0.42392 680
19 0.428571 0.423125 663
20 0.460208 0.432209 661
21 0.452299 0.439583 661
22 0.464656 0.415583 680
23 0.461196 0.432112 653
24 0.471083 0.426435 662
25 0.465645 0.436978 666
26 0.452299 0.429681 647
27 0.462679 0.436971 658
28 0.443401 0.41867 662
29 0.454276 0.427436 667
PRECISAO DO ENSEMBLE 0.507168
0 0.411471
1 0.488183
2 0.399638
3 0.403101
4 0.418803
5 0.385111
6 0.38474
7 0.381245
8 0.440304
9 0.419845
10 0.384811
11 0.37659
12 0.41738
13 0.407692
14 0.391281
15 0.413208
16 0.423228
17 0.399993
18 0.372703
19 0.388715
20 0.447144
21 0.390124
22 0.406325
23 0.432287
24 0.426405
25 0.381488
26 0.416063
27 0.422384
28 0.370796
29 0.382157

Geração 40

EXTERNO, INTERNO e N de FEATURES
0 0.446367 0.427561 659
1 0.44439 0.429822 668
2 0.456253 0.435424 672
3 0.45131 0.433674 667
4 0.447355 0.434572 667
5 0.438952 0.417054 664
6 0.448838 0.431616 656
7 0.45131 0.420121 676
8 0.457242 0.426646 694
9 0.464162 0.424337 667
10 0.447355 0.431406 655
11 0.428571 0.425733 658
12 0.455264 0.430204 658
13 0.444884 0.424972 663
14 0.443401 0.425735 668
15 0.448838 0.41729 666
16 0.430549 0.433593 680
17 0.445378 0.438769 668
18 0.441918 0.432667 667
19 0.467622 0.432288 652
20 0.421651 0.433054 684
21 0.440435 0.433157 653
22 0.455264 0.432253 659
23 0.441424 0.426404 655
24 0.446861 0.42372 667
25 0.441918 0.427855 671
26 0.459713 0.430155 658
27 0.446367 0.426342 668
28 0.435492 0.421372 673
29 0.474048 0.426977 678
PRECISAO DO ENSEMBLE 0.500247
0 0.403706
1 0.442262
2 0.410897
3 0.410765
4 0.417759
5 0.402409
6 0.406783
7 0.384351
8 0.381005
9 0.409057
10 0.419404
11 0.382321
12 0.370662
13 0.370196
14 0.371222
15 0.383326
16 0.393667
17 0.373902
18 0.432302
19 0.445374
20 0.384229
21 0.354285
22 0.408706
23 0.403628
24 0.411078
25 0.375652
26 0.372634
27 0.386763
28 0.338475
29 0.401925

Geração 41

EXTERNO, INTERNO e N de FEATURES
0 0.469105 0.430959 687
1 0.468611 0.427979 678
2 0.471577 0.432697 666
3 0.450321 0.422503 672
4 0.473554 0.417937 676
5 0.460702 0.424309 677
6 0.467128 0.41205 692
7 0.436975 0.429557 666
8 0.456747 0.421817 667
9 0.461691 0.436295 674
10 0.468611 0.436314 669
11 0.448344 0.420052 681
12 0.457242 0.419401 681
13 0.474543 0.417336 669
14 0.448838 0.425474 676
15 0.45823 0.426627 675
16 0.473554 0.435974 665
17 0.465151 0.43085 680
18 0.451804 0.428173 677
19 0.476026 0.438686 673
20 0.460208 0.430966 680
21 0.466634 0.433302 680
22 0.461196 0.420542 678
23 0.45131 0.428304 666
24 0.446367 0.425228 672
25 0.469105 0.420472 689
26 0.463174 0.424672 675
27 0.456253 0.430139 661
28 0.470588 0.439042 682
29 0.450321 0.435613 664
PRECISAO DO ENSEMBLE 0.511616
0 0.402532
1 0.372092
2 0.393853
3 0.385116
4 0.429204
5 0.383621
6 0.379116
7 0.353682
8 0.371599
9 0.44135
10 0.414501
11 0.391736
12 0.404437
13 0.424782
14 0.415529
15 0.387081
16 0.412115
17 0.359031
18 0.370783
19 0.348685
20 0.381004
21 0.404376
22 0.387459
23 0.365856
24 0.386095
25 0.418741
26 0.37125
27 0.373727
28 0.398398
29 0.394777

Geração 42

EXTERNO, INTERNO e N de FEATURES
0 0.434998 0.419793 670
1 0.439446 0.416274 666
2 0.458725 0.432872 650
3 0.446367 0.419582 658
4 0.440435 0.427532 657
5 0.44439 0.433404 673
6 0.471577 0.42571 648
7 0.455264 0.422239 659
8 0.463174 0.429711 669
9 0.467622 0.432036 685
10 0.451804 0.435852 663
11 0.437963 0.431819 664
12 0.441918 0.434775 671
13 0.45823 0.43282 667
14 0.440929 0.421886 666
15 0.45477 0.43893 669
16 0.458725 0.420259 663
17 0.481957 0.433271 675
18 0.451804 0.438839 673
19 0.457736 0.421869 663
20 0.423134 0.425937 641
21 0.446367 0.417661 673
22 0.446367 0.421715 654
23 0.439446 0.433338 666
24 0.460208 0.419056 655
25 0.437963 0.437427 660
26 0.452299 0.438956 674
27 0.44439 0.428376 674
28 0.452793 0.419542 661
29 0.436975 0.426511 667
PRECISAO DO ENSEMBLE 0.504696
0 0.362451
1 0.355903
2 0.421241
3 0.399217
4 0.337876
5 0.421348
6 0.399727
7 0.36748
8 0.408466
9 0.39567
10 0.334992
11 0.350776
12 0.354449
13 0.389547
14 0.367835
15 0.410385
16 0.367592
17 0.398631
18 0.382521
19 0.39009
20 0.352993
21 0.382403
22 0.347045
23 0.367644
24 0.360069
25 0.359328
26 0.394097
27 0.371431
28 0.370134
29 0.354849

Geração 43

EXTERNO, INTERNO e N de FEATURES
0 0.463668 0.429511 649
1 0.469105 0.426074 663
2 0.467128 0.430795 677
3 0.435986 0.438922 676
4 0.464656 0.436293 669
5 0.461691 0.427612 665
6 0.476026 0.439115 670
7 0.43648 0.435398 681
8 0.464656 0.432731 671
9 0.44439 0.441642 650
10 0.456747 0.429483 675
11 0.440435 0.426012 668
12 0.468611 0.420875 659
13 0.450816 0.42471 669
14 0.453287 0.429657 676
15 0.464656 0.432722 670
16 0.463668 0.435366 667
17 0.45823 0.433149 659
18 0.456747 0.428987 675
19 0.441424 0.428066 659
20 0.437469 0.427776 670
21 0.446861 0.428424 659
22 0.449333 0.436288 658
23 0.455264 0.442172 657
24 0.45131 0.421124 666
25 0.453287 0.435284 664
26 0.441424 0.433377 674
27 0.458725 0.437928 648
28 0.462679 0.428057 660
29 0.460208 0.43167 655
PRECISAO DO ENSEMBLE 0.513099
0 0.382869
1 0.376955
2 0.420629
3 0.339358
4 0.372507
5 0.376033
6 0.38373
7 0.338005
8 0.400712
9 0.336036
10 0.412844
11 0.353002
12 0.354725
13 0.333145
14 0.40286
15 0.351044
16 0.33954
17 0.358323
18 0.38714
19 0.330339
20 0.351605
21 0.374777
22 0.380545
23 0.426445
24 0.395723
25 0.382432
26 0.380822
27 0.361129
28 0.388435
29 0.39635

Geração 44

EXTERNO, INTERNO e N de FEATURES
0 0.455759 0.426931 658
1 0.428571 0.431441 635
2 0.456253 0.429245 655
3 0.428077 0.422051 645
4 0.454276 0.427077 667
5 0.445378 0.427344 660
6 0.424123 0.427768 667
7 0.462679 0.439566 652
8 0.476026 0.428568 657
9 0.456253 0.423032 661
10 0.443895 0.427841 656
11 0.453782 0.430706 659
12 0.4696 0.43777 659
13 0.452793 0.437061 653
14 0.440929 0.423124 648
15 0.460702 0.427895 650
16 0.450816 0.421766 659
17 0.432032 0.429306 664
18 0.467128 0.427448 646
19 0.439941 0.422673 665
20 0.425111 0.425314 648
21 0.447355 0.431764 642
22 0.446861 0.432857 649
23 0.440435 0.426717 654
24 0.447355 0.436518 646
25 0.470588 0.4245 642
26 0.425111 0.414961 646
27 0.475037 0.432328 660
28 0.452793 0.43029 644
29 0.448838 0.424184 658
PRECISAO DO ENSEMBLE 0.504202
0 0.404255
1 0.350807
2 0.366668
3 0.396401
4 0.365205
5 0.405371
6 0.391537
7 0.369745
8 0.390578
9 0.351696
10 0.345267
11 0.400685
12 0.429459
13 0.435016
14 0.357877
15 0.395753
16 0.383687
17 0.396227
18 0.410865
19 0.402836
20 0.385276
21 0.40508
22 0.352629
23 0.385095
24 0.38867
25 0.413123
26 0.337994
27 0.424707
28 0.360209
29 0.365328

Geração 45

EXTERNO, INTERNO e N de FEATURES
0 0.467622 0.422296 662
1 0.475037 0.426479 657
2 0.47306 0.44117 655
3 0.465151 0.432739 644
4 0.443401 0.424729 640
5 0.450816 0.438553 662
6 0.485912 0.432392 658
7 0.463174 0.430612 649
8 0.4696 0.421195 659
9 0.483935 0.433171 653
10 0.467128 0.441066 663
11 0.457242 0.433019 642
12 0.459219 0.426451 665
13 0.485912 0.428072 656
14 0.477509 0.444906 659
15 0.454276 0.435315 660
16 0.465645 0.4241 657
17 0.466139 0.422855 648
18 0.478497 0.437087 653
19 0.464162 0.437659 665
20 0.465645 0.43242 660
21 0.449333 0.43514 655
22 0.451804 0.424646 669
23 0.451804 0.436796 645
24 0.432032 0.424586 665
25 0.489867 0.436233 664
26 0.474048 0.423671 669
27 0.461196 0.436046 661
28 0.472565 0.428244 652
29 0.44439 0.429336 645
PRECISAO DO ENSEMBLE 0.50519
0 0.361866
1 0.347298
2 0.345024
3 0.40049
4 0.31775
5 0.403528
6 0.425215
7 0.379957
8 0.367271
9 0.3714
10 0.385672
11 0.430807
12 0.349498
13 0.358754
14 0.439954
15 0.379663
16 0.407845
17 0.421643
18 0.425557
19 0.417073
20 0.383229
21 0.34792
22 0.329564
23 0.37621
24 0.395988
25 0.386705
26 0.402416
27 0.391622
28 0.366317
29 0.384302

Geração 46

EXTERNO, INTERNO e N de FEATURES
0 0.484923 0.421788 659
1 0.464656 0.434474 650
2 0.465645 0.440839 648
3 0.471577 0.443238 635
4 0.448838 0.42463 650
5 0.440435 0.417062 660
6 0.477509 0.434115 641
7 0.438952 0.427625 645
8 0.44785 0.436434 645
9 0.468611 0.435999 656
10 0.477014 0.435332 644
11 0.431043 0.423838 650
12 0.45477 0.422155 656
13 0.431537 0.434011 636
14 0.463668 0.429867 643
15 0.42956 0.426838 646
16 0.459713 0.428215 636
17 0.470588 0.429178 655
18 0.464162 0.422382 658
19 0.469105 0.440576 649
20 0.445872 0.428346 646
21 0.486406 0.431782 635
22 0.458725 0.431305 655
23 0.452299 0.425002 657
24 0.475531 0.441574 652
25 0.460208 0.432761 657
26 0.4696 0.423164 650
27 0.446367 0.429977 655
28 0.457736 0.439435 639
29 0.475037 0.439126 649
PRECISAO DO ENSEMBLE 0.511122
0 0.426417
1 0.369944
2 0.379425
3 0.420514
4 0.329514
5 0.335022
6 0.414788
7 0.356887
8 0.388545
9 0.391591
10 0.410447
11 0.322978
12 0.408636
13 0.357517
14 0.358234
15 0.352903
16 0.372228
17 0.385794
18 0.37362
19 0.403795
20 0.387178
21 0.415289
22 0.399067
23 0.38022
24 0.39339
25 0.43073
26 0.389605
27 0.377433
28 0.366439
29 0.409456

Geração 47

EXTERNO, INTERNO e N de FEATURES
0 0.474048 0.422899 649
1 0.453287 0.431535 635
2 0.466634 0.437212 658
3 0.454276 0.435737 649
4 0.43302 0.441274 641
5 0.478003 0.424651 645
6 0.462679 0.433706 657
7 0.455264 0.427097 647
8 0.498764 0.439652 647
9 0.482946 0.436128 651
10 0.444884 0.431989 661
11 0.447355 0.429419 640
12 0.470588 0.429008 649
13 0.43648 0.425517 648
14 0.460702 0.433956 656
15 0.467128 0.423143 650
16 0.452793 0.432205 649
17 0.469105 0.433426 656
18 0.467622 0.422462 645
19 0.478992 0.44665 653
20 0.470588 0.431194 631
21 0.465151 0.434821 658
22 0.47652 0.438339 654
23 0.469105 0.428934 656
24 0.419674 0.425508 641
25 0.437963 0.439921 642
26 0.456747 0.425637 647
27 0.429066 0.428581 640
28 0.456747 0.422933 659
29 0.421651 0.419607 642
PRECISAO DO ENSEMBLE 0.508651
0 0.428731
1 0.435742
2 0.409796
3 0.385454
4 0.34918
5 0.390634
6 0.388798
7 0.407155
8 0.455268
9 0.378116
10 0.382266
11 0.368915
12 0.399855
13 0.336699
14 0.421377
15 0.364554
16 0.380244
17 0.382055
18 0.398275
19 0.432211
20 0.386695
21 0.429248
22 0.436949
23 0.384576
24 0.320373
25 0.373235
26 0.441308
27 0.354348
28 0.375779
29 0.388081

Geração 48

EXTERNO, INTERNO e N de FEATURES
0 0.463668 0.446824 643
1 0.468117 0.43685 628
2 0.463668 0.430946 644
3 0.445872 0.429506 648
4 0.443895 0.433742 642
5 0.475531 0.432038 629
6 0.448344 0.425432 652
7 0.471577 0.425106 631
8 0.462185 0.436763 636
9 0.467128 0.441655 640
10 0.441918 0.434211 638
11 0.451804 0.426073 647
12 0.47306 0.442914 645
13 0.464656 0.422405 645
14 0.448838 0.429867 645
15 0.456253 0.430945 637
16 0.425111 0.434776 639
17 0.47652 0.450132 656
18 0.425606 0.424507 641
19 0.446367 0.433388 637
20 0.462679 0.430215 640
21 0.455759 0.437568 645
22 0.451804 0.427826 654
23 0.463668 0.42885 636
24 0.471083 0.430491 655
25 0.45477 0.423441 664
26 0.462679 0.430839 644
27 0.440435 0.440597 662
28 0.460208 0.427855 640
29 0.435492 0.425514 648
PRECISAO DO ENSEMBLE 0.495304
0 0.40543
1 0.370058
2 0.390892
3 0.342871
4 0.40425
5 0.426634
6 0.356274
7 0.395724
8 0.33726
9 0.406977
10 0.402437
11 0.394849
12 0.358316
13 0.409553
14 0.358366
15 0.358081
16 0.352001
17 0.371964
18 0.33415
19 0.373744
20 0.37786
21 0.410345
22 0.377676
23 0.383174
24 0.356522
25 0.294937
26 0.350683
27 0.357811
28 0.358413
29 0.367851

Geração 49

EXTERNO, INTERNO e N de FEATURES
0 0.468611 0.432813 658
1 0.468117 0.442049 638
2 0.435492 0.439926 646
3 0.456747 0.428587 637
4 0.457736 0.449442 640
5 0.424123 0.429173 646
6 0.460702 0.427909 652
7 0.441424 0.430385 651
8 0.460208 0.43539 647
9 0.475531 0.431446 652
10 0.460208 0.434062 649
11 0.484429 0.431736 646
12 0.439446 0.422037 634
13 0.479486 0.434479 652
14 0.460702 0.430809 643
15 0.451804 0.433288 657
16 0.465645 0.435614 655
17 0.454276 0.437374 648
18 0.443895 0.425458 646
19 0.461196 0.431129 640
20 0.437469 0.428757 648
21 0.474543 0.437456 645
22 0.459219 0.424352 650
23 0.443401 0.424152 640
24 0.440929 0.428669 648
25 0.45131 0.436162 642
26 0.445872 0.446226 645
27 0.453782 0.423887 647
28 0.490855 0.431436 637
29 0.449827 0.44626 651
PRECISAO DO ENSEMBLE 0.488878
0 0.381647
1 0.383567
2 0.433697
3 0.406341
4 0.411414
5 0.374164
6 0.397311
7 0.337244
8 0.30988
9 0.427949
10 0.357759
11 0.400502
12 0.3581
13 0.400439
14 0.353516
15 0.402278
16 0.36883
17 0.402295
18 0.377301
19 0.378518
20 0.332842
21 0.406809
22 0.340391
23 0.361767
24 0.394423
25 0.374463
26 0.355904
27 0.374877
28 0.381122
29 0.373734

Geração 50

EXTERNO, INTERNO e N de FEATURES
0 0.459713 0.433827 672
1 0.475531 0.443156 648
2 0.45131 0.430393 645
3 0.467622 0.443237 664
4 0.459713 0.422486 652
5 0.448344 0.426455 646
6 0.478992 0.425673 648
7 0.454276 0.433006 664
8 0.478992 0.445758 664
9 0.439446 0.423576 634
10 0.445378 0.429511 644
11 0.469105 0.432905 647
12 0.452793 0.438932 652
13 0.478992 0.433992 656
14 0.485418 0.428666 646
15 0.463668 0.443858 659
16 0.452793 0.441856 642
17 0.45823 0.425844 653
18 0.459713 0.426577 658
19 0.476026 0.42383 650
20 0.450816 0.433485 665
21 0.464656 0.430099 647
22 0.460702 0.433331 656
23 0.440435 0.413602 648
24 0.450321 0.420904 649
25 0.471577 0.442423 650
26 0.446367 0.430447 643
27 0.440929 0.434698 661
28 0.45131 0.42477 657
29 0.462679 0.436904 654
PRECISAO DO ENSEMBLE 0.506179
0 0.412343
1 0.407133
2 0.379382
3 0.402967
4 0.4101
5 0.395611
6 0.406378
7 0.376901
8 0.402187
9 0.359989
10 0.400691
11 0.422233
12 0.410864
13 0.396106
14 0.397895
15 0.395561
16 0.395054
17 0.38002
18 0.36283
19 0.400082
20 0.376647
21 0.387435
22 0.405062
23 0.363641
24 0.387655
25 0.433688
26 0.356146
27 0.403855
28 0.401537
29 0.371665

