Carregando documentos....
2023 documentos carregados com 1311 termos.
Taxa de mutação de 0.05 e num de pais 5
Geração 1

EXTERNO, INTERNO e N de FEATURES
0 0.275334 0.56248 137
1 0.35047 0.480191 245
2 0.390509 0.433798 375
3 0.448838 0.456772 491
4 0.426594 0.425771 650
5 0.485418 0.419776 760
6 0.492832 0.430067 917
7 0.497281 0.413149 1058
8 0.474048 0.407428 1175
9 0.302027 0.559888 127
10 0.35047 0.480321 241
11 0.410776 0.435084 410
12 0.460702 0.427897 504
13 0.460702 0.423001 613
14 0.475531 0.423632 803
15 0.470588 0.422421 897
16 0.485912 0.420804 1058
17 0.474543 0.413442 1183
18 0.296095 0.572157 123
19 0.348987 0.481829 251
20 0.403856 0.434844 401
21 0.455759 0.447296 476
22 0.43302 0.409116 685
23 0.456747 0.418471 756
24 0.481957 0.424844 923
25 0.474048 0.410289 1053
26 0.50173 0.423934 1189
27 0.320316 0.527698 155
28 0.32872 0.469283 255
29 0.386555 0.433107 392
PRECISAO DO ENSEMBLE 0.556105
0 0.0964707
1 0.180372
2 0.225252
3 0.306565
4 0.321943
5 0.372953
6 0.373814
7 0.406246
8 0.41107
9 0.133579
10 0.160872
11 0.24734
12 0.303657
13 0.342804
14 0.34575
15 0.378504
16 0.422763
17 0.370775
18 0.108294
19 0.172212
20 0.254252
21 0.316713
22 0.308919
23 0.316277
24 0.394491
25 0.405379
26 0.452498
27 0.131655
28 0.164624
29 0.209746

Geração 2

EXTERNO, INTERNO e N de FEATURES
0 0.510628 0.428456 1150
1 0.486406 0.423139 1141
2 0.514088 0.433449 1134
3 0.512605 0.431976 1142
4 0.529906 0.421323 1146
5 0.431043 0.422543 575
6 0.475531 0.455676 580
7 0.401384 0.439709 409
8 0.424123 0.435535 412
9 0.464656 0.424136 890
10 0.482452 0.433472 990
11 0.390509 0.444702 376
12 0.43302 0.436665 651
13 0.469105 0.424303 741
14 0.465645 0.419176 689
15 0.361839 0.498514 229
16 0.358379 0.467742 252
17 0.446367 0.425636 586
18 0.484429 0.426739 966
19 0.41127 0.443494 376
20 0.358873 0.441251 346
21 0.384083 0.467309 293
22 0.292635 0.477098 211
23 0.442907 0.461266 447
24 0.478497 0.426598 839
25 0.457736 0.415813 712
26 0.495798 0.419409 855
27 0.420662 0.44128 508
28 0.451804 0.446247 493
29 0.45131 0.413372 892
PRECISAO DO ENSEMBLE 0.560554
0 0.492707
1 0.392424
2 0.468676
3 0.452127
4 0.415662
5 0.302669
6 0.333743
7 0.276408
8 0.247869
9 0.354257
10 0.420161
11 0.226367
12 0.319771
13 0.364911
14 0.316755
15 0.183672
16 0.167152
17 0.306413
18 0.356706
19 0.233557
20 0.198158
21 0.22065
22 0.147468
23 0.278357
24 0.359829
25 0.358134
26 0.357805
27 0.280831
28 0.31922
29 0.367743

Geração 3

EXTERNO, INTERNO e N de FEATURES
0 0.485912 0.420462 1106
1 0.488878 0.429041 1106
2 0.496787 0.423775 1118
3 0.504696 0.410009 1097
4 0.497776 0.417166 1102
5 0.441918 0.457691 503
6 0.421157 0.437872 395
7 0.525952 0.410847 1114
8 0.489372 0.429921 1084
9 0.413248 0.450109 472
10 0.393969 0.43569 386
11 0.409787 0.442417 491
12 0.456253 0.422642 647
13 0.491844 0.419981 946
14 0.385566 0.443849 400
15 0.42956 0.432663 555
16 0.449333 0.429085 600
17 0.493327 0.425924 873
18 0.486406 0.419106 1045
19 0.468117 0.431184 917
20 0.427088 0.430031 584
21 0.469105 0.426675 570
22 0.412753 0.439454 481
23 0.470094 0.434111 591
24 0.489867 0.435685 734
25 0.402373 0.451989 343
26 0.42956 0.439779 435
27 0.483935 0.417791 1001
28 0.477509 0.423604 787
29 0.430549 0.445756 441
PRECISAO DO ENSEMBLE 0.556105
0 0.406229
1 0.414343
2 0.406957
3 0.45642
4 0.461259
5 0.29247
6 0.261486
7 0.438865
8 0.427355
9 0.260298
10 0.247228
11 0.262447
12 0.312452
13 0.407828
14 0.215135
15 0.278232
16 0.32474
17 0.368055
18 0.380454
19 0.381359
20 0.279483
21 0.306854
22 0.279649
23 0.33109
24 0.365761
25 0.238245
26 0.284932
27 0.39159
28 0.338442
29 0.298262

Geração 4

EXTERNO, INTERNO e N de FEATURES
0 0.489867 0.436372 1062
1 0.521008 0.420137 1070
2 0.49481 0.425294 1047
3 0.518043 0.433584 1058
4 0.464162 0.420943 1065
5 0.444884 0.425013 650
6 0.466139 0.424172 665
7 0.464162 0.429915 671
8 0.490361 0.431259 893
9 0.481957 0.405824 935
10 0.490855 0.415234 854
11 0.497776 0.412823 932
12 0.413742 0.436935 460
13 0.425111 0.433565 433
14 0.431043 0.45106 439
15 0.473554 0.420266 893
16 0.445378 0.425909 647
17 0.475037 0.421167 1061
18 0.45477 0.417713 902
19 0.481957 0.432908 870
20 0.427583 0.42016 556
21 0.415719 0.434434 497
22 0.426594 0.45127 420
23 0.468117 0.433021 600
24 0.49481 0.424911 1067
25 0.412259 0.421416 499
26 0.42264 0.421985 557
27 0.43648 0.431926 543
28 0.486406 0.431878 811
29 0.393475 0.419645 535
PRECISAO DO ENSEMBLE 0.54523
0 0.446809
1 0.398092
2 0.375094
3 0.433188
4 0.372409
5 0.307807
6 0.353367
7 0.331795
8 0.349114
9 0.342453
10 0.378869
11 0.337863
12 0.224869
13 0.289504
14 0.29132
15 0.392742
16 0.311914
17 0.402409
18 0.358324
19 0.335999
20 0.299568
21 0.251077
22 0.26587
23 0.283959
24 0.408246
25 0.228618
26 0.260232
27 0.272529
28 0.349742
29 0.21579

Geração 5

EXTERNO, INTERNO e N de FEATURES
0 0.496787 0.426776 1023
1 0.490361 0.419502 1016
2 0.517054 0.41402 1026
3 0.482452 0.427561 1025
4 0.509639 0.43094 1027
5 0.457736 0.414671 883
6 0.481463 0.439131 707
7 0.493327 0.428512 962
8 0.477509 0.442107 912
9 0.488384 0.417834 725
10 0.511616 0.417679 954
11 0.456253 0.431578 529
12 0.449827 0.434856 713
13 0.4696 0.418585 897
14 0.472565 0.41593 894
15 0.407316 0.440901 443
16 0.413248 0.434378 471
17 0.408799 0.436544 468
18 0.462679 0.436591 656
19 0.430054 0.442363 482
20 0.457736 0.445172 718
21 0.473554 0.42515 847
22 0.449333 0.423801 629
23 0.427583 0.425624 486
24 0.407316 0.422475 506
25 0.481957 0.41386 984
26 0.425606 0.431678 557
27 0.514582 0.419887 950
28 0.493327 0.427139 996
29 0.4696 0.428856 973
PRECISAO DO ENSEMBLE 0.562531
0 0.394965
1 0.391699
2 0.42445
3 0.414001
4 0.415313
5 0.34655
6 0.365391
7 0.375838
8 0.359642
9 0.3458
10 0.353987
11 0.277675
12 0.374994
13 0.351508
14 0.367621
15 0.26167
16 0.244123
17 0.229956
18 0.335747
19 0.269747
20 0.339355
21 0.356218
22 0.329969
23 0.277015
24 0.240343
25 0.339651
26 0.284263
27 0.365217
28 0.38682
29 0.350401

Geração 6

EXTERNO, INTERNO e N de FEATURES
0 0.484923 0.417637 984
1 0.492832 0.4199 987
2 0.502224 0.413342 997
3 0.502719 0.432371 991
4 0.518537 0.441262 987
5 0.471577 0.425024 774
6 0.495798 0.425802 988
7 0.504202 0.454968 989
8 0.47306 0.433982 949
9 0.475037 0.424387 698
10 0.432032 0.448223 513
11 0.495304 0.425105 978
12 0.496293 0.418565 936
13 0.466634 0.433983 586
14 0.479486 0.436351 903
15 0.481463 0.422292 968
16 0.488878 0.421663 831
17 0.475037 0.419801 964
18 0.383589 0.443034 472
19 0.463668 0.430255 606
20 0.482946 0.433326 637
21 0.461691 0.415325 852
22 0.459713 0.426241 574
23 0.450816 0.448338 584
24 0.450816 0.427814 628
25 0.423134 0.429179 596
26 0.469105 0.420829 872
27 0.483935 0.431839 686
28 0.466139 0.455987 758
29 0.499753 0.425682 847
PRECISAO DO ENSEMBLE 0.56352
0 0.407431
1 0.408256
2 0.404056
3 0.390827
4 0.410596
5 0.360154
6 0.399745
7 0.490139
8 0.383205
9 0.323138
10 0.274423
11 0.422381
12 0.404407
13 0.375391
14 0.409658
15 0.416703
16 0.367098
17 0.424652
18 0.24861
19 0.346201
20 0.343554
21 0.331259
22 0.316694
23 0.317661
24 0.324194
25 0.280577
26 0.354012
27 0.338978
28 0.376643
29 0.412924

Geração 7

EXTERNO, INTERNO e N de FEATURES
0 0.480475 0.416723 968
1 0.49481 0.438622 941
2 0.489372 0.425566 949
3 0.499259 0.432274 954
4 0.497776 0.42409 967
5 0.434998 0.418975 603
6 0.474048 0.434427 844
7 0.480475 0.441662 730
8 0.499259 0.427295 781
9 0.473554 0.409828 828
10 0.491349 0.421476 924
11 0.481463 0.433124 784
12 0.47652 0.429329 765
13 0.437469 0.419601 607
14 0.496787 0.415286 773
15 0.478497 0.417367 963
16 0.482452 0.418853 836
17 0.477509 0.429958 581
18 0.454276 0.445419 591
19 0.463668 0.437209 608
20 0.435986 0.425678 572
21 0.503707 0.429779 966
22 0.494315 0.432084 910
23 0.452793 0.427966 610
24 0.44439 0.423793 620
25 0.485912 0.423923 951
26 0.408304 0.430084 527
27 0.478003 0.433078 721
28 0.478992 0.41469 789
29 0.465645 0.425451 688
PRECISAO DO ENSEMBLE 0.549679
0 0.393844
1 0.4174
2 0.442039
3 0.420145
4 0.432673
5 0.266455
6 0.39045
7 0.378424
8 0.383098
9 0.381045
10 0.384568
11 0.378501
12 0.3927
13 0.30473
14 0.355626
15 0.377227
16 0.370926
17 0.31962
18 0.307345
19 0.326258
20 0.303299
21 0.376334
22 0.452078
23 0.288802
24 0.305055
25 0.420525
26 0.290353
27 0.317723
28 0.364783
29 0.345157

Geração 8

EXTERNO, INTERNO e N de FEATURES
0 0.495798 0.434148 889
1 0.491844 0.417994 891
2 0.497281 0.423893 866
3 0.487395 0.424965 885
4 0.485912 0.425415 888
5 0.486901 0.436187 869
6 0.486406 0.449616 847
7 0.486406 0.436256 845
8 0.496293 0.444919 764
9 0.471083 0.416285 689
10 0.461691 0.426642 598
11 0.487395 0.436758 821
12 0.434503 0.441 518
13 0.456253 0.417017 784
14 0.48344 0.43738 712
15 0.462679 0.420586 917
16 0.515571 0.421621 900
17 0.473554 0.422616 699
18 0.464162 0.425855 755
19 0.453287 0.411648 912
20 0.463668 0.422685 941
21 0.477014 0.429964 920
22 0.423134 0.40511 604
23 0.459713 0.420812 889
24 0.464656 0.433495 795
25 0.441918 0.41268 720
26 0.476026 0.418201 917
27 0.457736 0.429045 669
28 0.469105 0.41967 822
29 0.478003 0.426575 706
PRECISAO DO ENSEMBLE 0.55561
0 0.438497
1 0.369379
2 0.403147
3 0.371102
4 0.421468
5 0.395472
6 0.358062
7 0.343969
8 0.380498
9 0.354544
10 0.337197
11 0.3991
12 0.298141
13 0.352755
14 0.364928
15 0.346219
16 0.418933
17 0.339339
18 0.346991
19 0.339901
20 0.439637
21 0.377907
22 0.269034
23 0.372913
24 0.405158
25 0.322429
26 0.366682
27 0.357554
28 0.359059
29 0.369123

Geração 9

EXTERNO, INTERNO e N de FEATURES
0 0.491844 0.429695 914
1 0.511616 0.439536 912
2 0.484923 0.412509 905
3 0.462679 0.416346 907
4 0.467622 0.447905 905
5 0.45131 0.423663 806
6 0.489867 0.416651 814
7 0.459219 0.410629 777
8 0.500247 0.424198 849
9 0.463668 0.420663 826
10 0.473554 0.421775 652
11 0.482452 0.427223 711
12 0.456747 0.412432 747
13 0.480475 0.411196 882
14 0.471577 0.429825 818
15 0.459713 0.421887 678
16 0.412753 0.422704 606
17 0.461691 0.420901 834
18 0.501236 0.428361 692
19 0.470094 0.427547 884
20 0.487889 0.43342 763
21 0.436975 0.409399 704
22 0.455264 0.412317 729
23 0.466139 0.418589 854
24 0.482452 0.426342 761
25 0.462185 0.43003 693
26 0.453782 0.425326 787
27 0.474543 0.419909 762
28 0.504202 0.427499 799
29 0.485418 0.426388 917
PRECISAO DO ENSEMBLE 0.554128
0 0.457373
1 0.475892
2 0.391006
3 0.375054
4 0.421993
5 0.342429
6 0.379861
7 0.321963
8 0.366331
9 0.361705
10 0.32623
11 0.342616
12 0.328748
13 0.365764
14 0.317098
15 0.328298
16 0.29519
17 0.402662
18 0.364015
19 0.407392
20 0.363632
21 0.295323
22 0.342798
23 0.377808
24 0.408497
25 0.346815
26 0.338541
27 0.372978
28 0.398263
29 0.399869

Geração 10

EXTERNO, INTERNO e N de FEATURES
0 0.497281 0.42562 885
1 0.478497 0.423069 874
2 0.473554 0.445021 892
3 0.477509 0.427614 887
4 0.478003 0.431269 885
5 0.50173 0.439033 854
6 0.479486 0.416114 763
7 0.477014 0.436946 810
8 0.44785 0.416522 738
9 0.482946 0.421752 902
10 0.503707 0.437814 797
11 0.461691 0.428712 769
12 0.451804 0.417553 780
13 0.464656 0.419429 865
14 0.496787 0.429434 760
15 0.458725 0.425514 740
16 0.463174 0.409888 672
17 0.470588 0.429852 797
18 0.490361 0.417946 727
19 0.453287 0.425396 750
20 0.486406 0.433332 795
21 0.478003 0.423607 865
22 0.480475 0.426002 882
23 0.461691 0.443442 769
24 0.472071 0.416242 831
25 0.468611 0.433859 766
26 0.457242 0.42225 653
27 0.472565 0.437456 699
28 0.487889 0.425906 873
29 0.464656 0.424215 810
PRECISAO DO ENSEMBLE 0.549184
0 0.410365
1 0.397493
2 0.427394
3 0.416664
4 0.424976
5 0.361428
6 0.347671
7 0.419353
8 0.346546
9 0.398151
10 0.37779
11 0.362662
12 0.346478
13 0.378327
14 0.377076
15 0.330921
16 0.313867
17 0.333302
18 0.370452
19 0.34354
20 0.407537
21 0.362294
22 0.439688
23 0.375767
24 0.323535
25 0.333537
26 0.337781
27 0.379685
28 0.40088
29 0.352836

Geração 11

EXTERNO, INTERNO e N de FEATURES
0 0.45477 0.425041 866
1 0.508651 0.429014 858
2 0.461196 0.436605 852
3 0.498764 0.439147 862
4 0.47306 0.448885 862
5 0.489867 0.430349 737
6 0.413248 0.428135 685
7 0.469105 0.416804 736
8 0.459713 0.411736 785
9 0.461691 0.415889 785
10 0.470094 0.433332 834
11 0.45477 0.434126 664
12 0.477509 0.438883 840
13 0.452793 0.417668 726
14 0.459713 0.422496 781
15 0.481957 0.429927 688
16 0.459713 0.419131 689
17 0.465645 0.434697 851
18 0.453782 0.419593 733
19 0.445872 0.417351 763
20 0.471083 0.418456 772
21 0.476026 0.423393 740
22 0.487395 0.420518 764
23 0.467622 0.419261 834
24 0.487395 0.428612 846
25 0.487395 0.423649 781
26 0.477014 0.430567 872
27 0.484429 0.426702 754
28 0.487395 0.434678 701
29 0.4696 0.429235 737
PRECISAO DO ENSEMBLE 0.564508
0 0.386323
1 0.426836
2 0.389831
3 0.483816
4 0.412293
5 0.336091
6 0.318562
7 0.341197
8 0.319666
9 0.366131
10 0.362778
11 0.34119
12 0.403782
13 0.338298
14 0.389156
15 0.368149
16 0.331484
17 0.397031
18 0.362581
19 0.360397
20 0.357634
21 0.383486
22 0.409017
23 0.378204
24 0.39391
25 0.373515
26 0.399334
27 0.374989
28 0.358666
29 0.364903

Geração 12

EXTERNO, INTERNO e N de FEATURES
0 0.472565 0.423053 840
1 0.479486 0.429777 833
2 0.484923 0.43359 850
3 0.487395 0.432205 835
4 0.470094 0.42977 825
5 0.452299 0.424627 766
6 0.464162 0.420608 659
7 0.44785 0.437721 676
8 0.453287 0.41567 808
9 0.488384 0.42327 816
10 0.472565 0.450053 811
11 0.457736 0.431785 719
12 0.481463 0.423544 759
13 0.474048 0.433059 678
14 0.476026 0.431734 723
15 0.439941 0.414099 773
16 0.441424 0.41995 811
17 0.47306 0.446608 854
18 0.466634 0.435833 833
19 0.479486 0.421204 781
20 0.472565 0.426063 787
21 0.463174 0.427482 818
22 0.461691 0.417515 782
23 0.427583 0.416992 659
24 0.462185 0.42207 820
25 0.439941 0.421708 825
26 0.494315 0.427318 825
27 0.464162 0.442107 782
28 0.473554 0.42742 768
29 0.474543 0.422096 683
PRECISAO DO ENSEMBLE 0.555116
0 0.433717
1 0.456252
2 0.424451
3 0.469544
4 0.399073
5 0.358492
6 0.374983
7 0.352458
8 0.360842
9 0.406711
10 0.399691
11 0.36914
12 0.397551
13 0.356879
14 0.347256
15 0.305568
16 0.33862
17 0.387375
18 0.382829
19 0.40044
20 0.404075
21 0.372238
22 0.396513
23 0.328462
24 0.361917
25 0.35531
26 0.418368
27 0.372779
28 0.365454
29 0.34461

Geração 13

EXTERNO, INTERNO e N de FEATURES
0 0.480475 0.430237 818
1 0.457736 0.422826 822
2 0.474048 0.427825 830
3 0.518043 0.435454 821
4 0.484429 0.418067 819
5 0.462679 0.420454 768
6 0.479486 0.415419 742
7 0.465151 0.426037 796
8 0.415225 0.420041 779
9 0.464162 0.430042 821
10 0.478992 0.418776 776
11 0.459219 0.426682 608
12 0.446861 0.415387 763
13 0.475531 0.429969 689
14 0.488878 0.428801 717
15 0.459713 0.409147 795
16 0.47652 0.427788 810
17 0.47306 0.420585 829
18 0.485912 0.435822 764
19 0.459713 0.435461 806
20 0.462679 0.427169 804
21 0.476026 0.432949 754
22 0.462185 0.426765 821
23 0.474048 0.431063 831
24 0.482452 0.435449 793
25 0.471083 0.428751 772
26 0.47998 0.421865 806
27 0.453287 0.431415 660
28 0.460702 0.416806 825
29 0.435492 0.419817 781
PRECISAO DO ENSEMBLE 0.562037
0 0.402578
1 0.391126
2 0.363262
3 0.46154
4 0.422607
5 0.386677
6 0.322787
7 0.329048
8 0.36228
9 0.395876
10 0.357136
11 0.359273
12 0.357811
13 0.386772
14 0.36016
15 0.357213
16 0.435889
17 0.40216
18 0.358709
19 0.377636
20 0.400247
21 0.359306
22 0.369451
23 0.398044
24 0.351531
25 0.373374
26 0.378236
27 0.362754
28 0.325805
29 0.369272

Geração 14

EXTERNO, INTERNO e N de FEATURES
0 0.464656 0.425369 812
1 0.45477 0.425968 794
2 0.474543 0.427313 821
3 0.476026 0.443023 806
4 0.483935 0.437707 793
5 0.452299 0.419523 823
6 0.465151 0.439022 681
7 0.457242 0.429509 709
8 0.448838 0.433468 743
9 0.461691 0.430764 772
10 0.449827 0.421281 807
11 0.463668 0.420594 814
12 0.465151 0.430653 811
13 0.476026 0.43313 810
14 0.440435 0.43982 768
15 0.447355 0.418283 822
16 0.442907 0.425103 764
17 0.468117 0.42797 784
18 0.463174 0.429514 775
19 0.449827 0.420035 789
20 0.459219 0.426148 757
21 0.492338 0.428095 768
22 0.467622 0.419118 801
23 0.442412 0.41608 784
24 0.477509 0.42961 810
25 0.484923 0.442841 757
26 0.467622 0.436583 786
27 0.468117 0.424856 730
28 0.478497 0.427463 705
29 0.460208 0.422909 769
PRECISAO DO ENSEMBLE 0.548196
0 0.352963
1 0.395781
2 0.369818
3 0.428286
4 0.431064
5 0.322857
6 0.326606
7 0.362108
8 0.349669
9 0.360453
10 0.358954
11 0.397544
12 0.419837
13 0.450179
14 0.330783
15 0.338329
16 0.342202
17 0.326303
18 0.340307
19 0.334979
20 0.3656
21 0.403456
22 0.376399
23 0.361689
24 0.400681
25 0.357514
26 0.388918
27 0.347371
28 0.357757
29 0.358709

Geração 15

EXTERNO, INTERNO e N de FEATURES
0 0.461196 0.435403 791
1 0.465151 0.420733 792
2 0.459219 0.42322 810
3 0.448344 0.438253 798
4 0.44439 0.424488 784
5 0.452299 0.416591 786
6 0.458725 0.413557 731
7 0.492338 0.428035 808
8 0.455759 0.433472 772
9 0.471577 0.424637 713
10 0.4696 0.433114 778
11 0.462679 0.424674 759
12 0.452299 0.427578 772
13 0.461691 0.427671 783
14 0.478003 0.423447 792
15 0.467622 0.422504 774
16 0.470094 0.432802 751
17 0.474048 0.426913 800
18 0.466139 0.425758 700
19 0.490855 0.450225 802
20 0.446861 0.439851 727
21 0.430054 0.428194 799
22 0.429066 0.415512 679
23 0.478992 0.439876 789
24 0.459219 0.426802 797
25 0.440929 0.423739 799
26 0.452299 0.426422 755
27 0.401384 0.419439 743
28 0.470094 0.447922 754
29 0.436975 0.428847 673
PRECISAO DO ENSEMBLE 0.540287
0 0.375169
1 0.356813
2 0.379322
3 0.376609
4 0.373106
5 0.342464
6 0.318246
7 0.366678
8 0.334575
9 0.337373
10 0.371871
11 0.343984
12 0.366228
13 0.340973
14 0.347653
15 0.33614
16 0.362379
17 0.376347
18 0.354388
19 0.41568
20 0.352121
21 0.309508
22 0.34543
23 0.379273
24 0.385496
25 0.342453
26 0.315718
27 0.310439
28 0.375331
29 0.303819

Geração 16

EXTERNO, INTERNO e N de FEATURES
0 0.487395 0.432799 785
1 0.494315 0.432846 786
2 0.476026 0.432758 790
3 0.448344 0.430859 774
4 0.460702 0.428638 786
5 0.4696 0.423733 741
6 0.448344 0.416533 762
7 0.439446 0.418287 674
8 0.488384 0.426426 766
9 0.440929 0.414809 755
10 0.443895 0.421003 769
11 0.468611 0.427302 793
12 0.480969 0.430958 769
13 0.4696 0.429061 770
14 0.470588 0.449622 778
15 0.460208 0.436311 778
16 0.472071 0.424982 738
17 0.478497 0.437501 774
18 0.500741 0.440601 788
19 0.487395 0.427673 773
20 0.43302 0.41723 752
21 0.427088 0.426682 759
22 0.492832 0.436658 797
23 0.44785 0.424868 746
24 0.429066 0.422862 771
25 0.470588 0.432116 759
26 0.476026 0.42085 775
27 0.47306 0.422524 781
28 0.478992 0.43385 789
29 0.456747 0.431491 786
PRECISAO DO ENSEMBLE 0.539792
0 0.374646
1 0.359174
2 0.362235
3 0.341625
4 0.355304
5 0.339691
6 0.342854
7 0.345956
8 0.388787
9 0.349218
10 0.323837
11 0.368382
12 0.391612
13 0.394917
14 0.388781
15 0.377883
16 0.349405
17 0.386802
18 0.372926
19 0.374764
20 0.326711
21 0.339611
22 0.363373
23 0.358592
24 0.37086
25 0.393534
26 0.400235
27 0.334699
28 0.357829
29 0.340793

Geração 17

EXTERNO, INTERNO e N de FEATURES
0 0.445378 0.41728 773
1 0.432032 0.425376 776
2 0.477509 0.438513 767
3 0.4696 0.425854 775
4 0.450816 0.42606 760
5 0.468117 0.419399 747
6 0.455759 0.416713 742
7 0.445872 0.41846 742
8 0.4261 0.423794 674
9 0.459713 0.448494 771
10 0.465151 0.426066 763
11 0.416708 0.425496 668
12 0.44785 0.42785 787
13 0.466139 0.426316 774
14 0.481463 0.435744 765
15 0.489867 0.446735 797
16 0.441424 0.415841 751
17 0.435986 0.430082 780
18 0.466634 0.429261 761
19 0.461691 0.417146 768
20 0.499259 0.425046 747
21 0.448838 0.43093 722
22 0.462185 0.447298 763
23 0.469105 0.421958 728
24 0.460208 0.425593 753
25 0.42264 0.421722 687
26 0.435492 0.434073 746
27 0.45823 0.424873 774
28 0.461196 0.418903 751
29 0.445378 0.423204 767
PRECISAO DO ENSEMBLE 0.536332
0 0.385717
1 0.333475
2 0.410457
3 0.3429
4 0.383445
5 0.377955
6 0.373525
7 0.354881
8 0.300529
9 0.347745
10 0.413083
11 0.27673
12 0.423594
13 0.356622
14 0.346463
15 0.367227
16 0.34411
17 0.384528
18 0.394933
19 0.357013
20 0.353522
21 0.340899
22 0.374765
23 0.346092
24 0.371577
25 0.305652
26 0.354038
27 0.366807
28 0.303611
29 0.337407

Geração 18

EXTERNO, INTERNO e N de FEATURES
0 0.444884 0.434544 786
1 0.431043 0.41779 774
2 0.464656 0.420486 777
3 0.474543 0.427384 786
4 0.486406 0.427151 773
5 0.4696 0.414694 746
6 0.463174 0.419855 762
7 0.431537 0.426785 763
8 0.435492 0.41968 768
9 0.483935 0.434067 759
10 0.465151 0.426881 750
11 0.425606 0.426007 750
12 0.477509 0.430101 746
13 0.452299 0.43363 759
14 0.442412 0.416643 732
15 0.457736 0.430008 742
16 0.454276 0.41303 714
17 0.457242 0.428156 762
18 0.469105 0.432198 751
19 0.435492 0.436901 745
20 0.436975 0.416953 772
21 0.491349 0.439419 775
22 0.45823 0.417128 684
23 0.448344 0.417972 776
24 0.471577 0.427169 692
25 0.477014 0.434836 749
26 0.446367 0.424935 730
27 0.460702 0.43165 750
28 0.482452 0.440552 737
29 0.468611 0.427031 754
PRECISAO DO ENSEMBLE 0.530895
0 0.450117
1 0.381726
2 0.418856
3 0.433138
4 0.367409
5 0.355075
6 0.401173
7 0.332862
8 0.32703
9 0.387929
10 0.33318
11 0.34447
12 0.373079
13 0.393047
14 0.31415
15 0.326372
16 0.307324
17 0.395825
18 0.344482
19 0.394239
20 0.330821
21 0.375343
22 0.314271
23 0.360836
24 0.331221
25 0.357483
26 0.317645
27 0.350449
28 0.388859
29 0.346664

Geração 19

EXTERNO, INTERNO e N de FEATURES
0 0.471577 0.429236 787
1 0.470588 0.423081 763
2 0.480475 0.449477 776
3 0.474048 0.432173 780
4 0.459713 0.424323 771
5 0.428571 0.414866 756
6 0.490361 0.441431 753
7 0.434009 0.427111 684
8 0.485418 0.427404 746
9 0.461691 0.434929 731
10 0.42956 0.409453 744
11 0.456747 0.431687 701
12 0.465151 0.435431 704
13 0.477509 0.418752 733
14 0.495798 0.441326 744
15 0.467128 0.440713 747
16 0.436975 0.427864 755
17 0.444884 0.45215 759
18 0.47306 0.438165 768
19 0.479486 0.419058 751
20 0.499753 0.439804 669
21 0.456747 0.436112 756
22 0.472071 0.427175 727
23 0.443895 0.423067 753
24 0.469105 0.436062 783
25 0.434998 0.44164 697
26 0.471083 0.435162 743
27 0.486406 0.44286 753
28 0.476026 0.417445 737
29 0.475531 0.458802 765
PRECISAO DO ENSEMBLE 0.532872
0 0.36968
1 0.426645
2 0.401704
3 0.36936
4 0.417537
5 0.352078
6 0.358614
7 0.321634
8 0.381054
9 0.415434
10 0.336197
11 0.330645
12 0.337176
13 0.359366
14 0.352654
15 0.41826
16 0.325258
17 0.421771
18 0.439376
19 0.335093
20 0.318988
21 0.424593
22 0.3231
23 0.359624
24 0.393102
25 0.33838
26 0.396442
27 0.35726
28 0.360203
29 0.444842

Geração 20

EXTERNO, INTERNO e N de FEATURES
0 0.474048 0.425617 758
1 0.45823 0.424809 757
2 0.455264 0.431373 753
3 0.477014 0.433245 744
4 0.460702 0.42073 748
5 0.459219 0.421771 735
6 0.422145 0.431364 731
7 0.428077 0.427471 722
8 0.445872 0.421193 680
9 0.474048 0.432153 732
10 0.449827 0.425878 757
11 0.490855 0.428635 731
12 0.439941 0.425274 723
13 0.474543 0.444256 731
14 0.443895 0.431768 757
15 0.478003 0.434355 738
16 0.464162 0.433054 750
17 0.465151 0.428535 728
18 0.463174 0.435273 742
19 0.44785 0.421099 732
20 0.480969 0.426915 736
21 0.471083 0.437998 675
22 0.445872 0.431729 685
23 0.44785 0.426729 769
24 0.488878 0.43628 752
25 0.466139 0.427788 761
