Carregando documentos....
2023 documentos carregados com 1311 termos.
Experimento 1
Taxa de mutação de 0.05 e num de pais 2
Geração 1

EXTERNO, INTERNO e N de FEATURES
0 0.297578 0.531381 150
1 0.356896 0.464846 290
2 0.387543 0.445839 419
3 0.45131 0.44847 495
4 0.461691 0.422926 661
5 0.464162 0.416142 791
6 0.448838 0.422681 932
7 0.485912 0.429558 1050
8 0.494315 0.426777 1186
9 0.290657 0.572678 129
PRECISAO DO ENSEMBLE 0.522986
0 0.934286
1 0.878056
2 0.839919
3 0.834985
4 0.816627
5 0.802088
6 0.802833
7 0.811213
8 0.772472
9 1

Geração 2

EXTERNO, INTERNO e N de FEATURES
0 0.33218 0.51024 193
1 0.312407 0.504308 209
2 0.437963 0.436036 449
3 0.45823 0.434949 492
4 0.396935 0.412256 580
5 0.456747 0.425957 643
6 0.420168 0.444201 435
7 0.448838 0.434349 516
8 0.501236 0.418128 867
9 0.474543 0.421788 811
PRECISAO DO ENSEMBLE 0.546713
0 0.992736
1 1
2 0.896331
3 0.897017
4 0.910703
5 0.897563
6 0.924258
7 0.8808
8 0.884953
9 0.883762

Geração 3

EXTERNO, INTERNO e N de FEATURES
0 0.348987 0.479773 250
1 0.396935 0.490329 242
2 0.457242 0.431872 475
3 0.444884 0.444321 497
4 0.446367 0.411461 842
5 0.427088 0.450712 471
6 0.443401 0.450685 491
7 0.433515 0.433687 513
8 0.457736 0.412178 782
9 0.434998 0.443073 554
PRECISAO DO ENSEMBLE 0.556105
0 1
1 0.990962
2 0.931158
3 0.907721
4 0.916657
5 0.896363
6 0.936446
7 0.898402
8 0.884537
9 0.929105

Geração 4

EXTERNO, INTERNO e N de FEATURES
0 0.352447 0.451647 296
1 0.40089 0.489952 278
2 0.416708 0.432435 496
3 0.448344 0.437763 499
4 0.482946 0.420762 766
5 0.462679 0.440072 545
6 0.482452 0.433739 722
7 0.405339 0.435322 373
8 0.412259 0.464357 431
9 0.460702 0.429602 658
PRECISAO DO ENSEMBLE 0.553633
0 0.996693
1 0.983863
2 0.971945
3 0.963818
4 0.953701
5 0.9471
6 0.960646
7 1
8 0.975259
9 0.969452

Geração 5

EXTERNO, INTERNO e N de FEATURES
0 0.415225 0.457802 395
1 0.37914 0.464027 323
2 0.426594 0.443143 412
3 0.442412 0.436006 515
4 0.450321 0.430247 512
5 0.493327 0.432229 720
6 0.391992 0.405052 653
7 0.45823 0.432429 580
8 0.399407 0.459738 306
9 0.47652 0.426029 736
PRECISAO DO ENSEMBLE 0.56352
0 0.96575
1 1
2 0.955674
3 0.931945
4 0.944412
5 0.925799
6 0.959228
7 0.927001
8 0.981547
9 0.912017

Geração 6

EXTERNO, INTERNO e N de FEATURES
0 0.369748 0.467198 353
1 0.418685 0.466343 337
2 0.378151 0.452142 380
3 0.4696 0.448853 574
4 0.472565 0.440112 708
5 0.416214 0.460165 343
6 0.419674 0.444253 439
7 0.409787 0.435467 416
8 0.443401 0.428915 485
9 0.452299 0.454003 409
PRECISAO DO ENSEMBLE 0.561542
0 0.994989
1 0.930624
2 1
3 0.953236
4 0.951179
5 0.943158
6 0.937889
7 0.925172
8 0.926953
9 0.945658

Geração 7

EXTERNO, INTERNO e N de FEATURES
0 0.38606 0.44776 393
1 0.387543 0.443884 386
2 0.466634 0.437998 572
3 0.447355 0.454122 377
4 0.475531 0.418378 698
5 0.421157 0.461878 379
6 0.455759 0.432274 588
7 0.387543 0.448807 405
8 0.464162 0.456843 585
9 0.40781 0.429614 473
PRECISAO DO ENSEMBLE 0.56698
0 0.988245
1 0.993569
2 0.97655
3 0.967269
4 0.955532
5 1
6 0.96365
7 0.999826
8 0.987803
9 0.980672

Geração 8

EXTERNO, INTERNO e N de FEATURES
0 0.453287 0.461568 407
1 0.405833 0.437014 435
2 0.394958 0.430131 438
3 0.441918 0.454723 404
4 0.418685 0.450208 397
5 0.419674 0.466636 410
6 0.412259 0.42781 468
7 0.476026 0.428705 622
8 0.39743 0.441691 504
9 0.460208 0.431997 537
PRECISAO DO ENSEMBLE 0.565002
0 0.988473
1 0.953816
2 0.986264
3 0.96135
4 1
5 0.982509
6 0.994712
7 0.965179
8 0.977263
9 0.959627

Geração 9

EXTERNO, INTERNO e N de FEATURES
0 0.434503 0.437787 408
1 0.425606 0.439107 503
2 0.413742 0.434385 463
3 0.430054 0.432744 503
4 0.443895 0.448204 424
5 0.432032 0.434973 474
6 0.427088 0.431724 478
7 0.4261 0.453135 431
8 0.437469 0.446319 435
9 0.454276 0.449182 468
PRECISAO DO ENSEMBLE 0.562037
0 1
1 0.965533
2 0.982199
3 0.971476
4 0.994309
5 0.97205
6 0.955656
7 0.987269
8 0.992606
9 0.97544

Geração 10

EXTERNO, INTERNO e N de FEATURES
0 0.427583 0.440968 424
1 0.418685 0.428329 449
2 0.420168 0.437732 453
3 0.437963 0.436643 465
4 0.406822 0.438055 455
5 0.453287 0.441706 482
6 0.442412 0.429485 479
7 0.408799 0.441417 445
8 0.449333 0.445713 453
9 0.421651 0.438225 482
PRECISAO DO ENSEMBLE 0.552645
0 0.993018
1 0.966031
2 0.954709
3 0.970877
4 0.984279
5 1
6 0.986297
7 0.972082
8 0.967063
9 0.991779

Qualidade, diversidade e fitness por particao
0 0.942581 0.0470646 0.917184
1 0.946042 0.0447836 0.872732
2 0.95192 0.0418592 0.815742
3 0.954647 0.0416437 0.811542
4 0.955305 0.0414014 0.80682
5 0.956066 0.0408751 0.796564
6 0.956299 0.0408348 0.795779
7 0.958064 0.0409875 0.798755
8 0.961084 0.0390994 0.76196
9 0.938098 0.0513143 1
10 0.944777 0.0453268 0.883317
11 0.945542 0.045409 0.884919
12 0.953687 0.0411684 0.80228
13 0.95464 0.0412933 0.804713
14 0.950663 0.0420242 0.818956
15 0.953717 0.0410839 0.800634
16 0.952193 0.04216 0.821604
17 0.954368 0.0405489 0.790207
18 0.957725 0.040225 0.783894
19 0.955734 0.0404583 0.788441
20 0.946985 0.0441288 0.859972
21 0.949519 0.043204 0.841948
22 0.952893 0.0421134 0.820695
23 0.955964 0.0407709 0.794534
24 0.955352 0.040792 0.794944
25 0.954942 0.0403869 0.78705
26 0.950819 0.0428643 0.835329
27 0.954989 0.0407026 0.793202
28 0.957203 0.0393761 0.767352
29 0.953616 0.0418078 0.814741
30 0.950032 0.0419189 0.816906
31 0.951961 0.0422208 0.822788
32 0.953217 0.0417444 0.813505
33 0.954485 0.0411924 0.802748
34 0.955789 0.0404086 0.787472
35 0.956223 0.0405209 0.789661
36 0.95658 0.0411436 0.801797
37 0.950693 0.043216 0.842183
38 0.951948 0.0418201 0.81498
39 0.9544 0.0415265 0.809258
40 0.950789 0.0421084 0.820598
41 0.949269 0.0431134 0.840182
42 0.950776 0.0419401 0.817318
43 0.956613 0.039937 0.778283
44 0.953453 0.0412389 0.803653
45 0.957844 0.0403474 0.786281
46 0.951511 0.0419498 0.817507
47 0.957281 0.0401452 0.78234
48 0.950901 0.042457 0.827391
49 0.956249 0.040145 0.782336
50 0.950133 0.0433165 0.844142
51 0.951492 0.0415043 0.808825
52 0.950558 0.0432576 0.842994
53 0.956294 0.0415674 0.810056
54 0.955658 0.0410811 0.800578
55 0.952381 0.0419392 0.8173
56 0.954245 0.0410807 0.800571
57 0.952825 0.0406458 0.792095
58 0.954562 0.0404815 0.788893
59 0.953919 0.0417303 0.81323
60 0.951947 0.0414613 0.807987
61 0.95228 0.0416675 0.812006
62 0.951985 0.0415915 0.810525
63 0.954265 0.0403863 0.787037
64 0.957227 0.0397729 0.775084
65 0.952352 0.0419419 0.817353
66 0.955289 0.0409722 0.798456
67 0.95244 0.0417493 0.813599
68 0.951675 0.0421356 0.821129
69 0.954095 0.0407214 0.793569
70 0.952162 0.0415337 0.809399
71 0.953415 0.0403136 0.785621
72 0.951179 0.0418048 0.814682
73 0.953724 0.0404574 0.788424
74 0.953696 0.0415184 0.809101
75 0.954508 0.0410133 0.799257
76 0.953019 0.041622 0.81112
77 0.954998 0.0402295 0.783982
78 0.952612 0.0413191 0.805216
79 0.955808 0.0399391 0.778324
80 0.953031 0.0415918 0.810531
81 0.955473 0.0409468 0.797962
82 0.953547 0.0407011 0.793172
83 0.954576 0.0409426 0.797879
84 0.952323 0.0418371 0.81531
85 0.953569 0.0412235 0.803354
86 0.954078 0.0409714 0.798441
87 0.95252 0.0412955 0.804756
88 0.952767 0.0416136 0.810955
89 0.953671 0.0409378 0.797787
90 0.951843 0.0421299 0.821016
91 0.953219 0.0412938 0.804723
92 0.952501 0.0409827 0.79866
93 0.953612 0.0413346 0.805519
94 0.954147 0.0411451 0.801826
95 0.952645 0.0418764 0.816077
96 0.951947 0.0411611 0.802137
97 0.952108 0.0414637 0.808034
98 0.952188 0.0409988 0.798975
99 0.953471 0.0416799 0.812247

Criterio externo do ensemble por geracao cumulativo
0 0.522986
1 0.546713
2 0.556105
3 0.553633
4 0.56352
5 0.561542
6 0.56698
7 0.565002
8 0.562037
9 0.552645

Criterio externo do ensemble por geracao
9 0.522986
19 0.536826
29 0.514582
39 0.531883
49 0.532872
59 0.499753
69 0.503213
79 0.482452
89 0.524469
99 0.500741

Ensembles com porcentagem dos melhores
9 0.413742
19 0.501236
29 0.514582
39 0.533861
49 0.531389
59 0.544241
69 0.539298
79 0.543253
89 0.535838
99 0.552645

Experimento 2
Taxa de mutação de 0.05 e num de pais 2
Geração 1

EXTERNO, INTERNO e N de FEATURES
0 0.261987 0.555721 123
1 0.365793 0.492244 270
2 0.388038 0.441515 402
3 0.436975 0.420686 550
4 0.431043 0.410238 659
5 0.466139 0.431937 779
6 0.482946 0.416389 929
7 0.477014 0.413927 1066
8 0.522491 0.42063 1147
9 0.35047 0.576358 127
PRECISAO DO ENSEMBLE 0.533366
0 0.989924
1 0.921656
2 0.88563
3 0.82938
4 0.829604
5 0.830738
6 0.827138
7 0.80959
8 0.801246
9 1

Geração 2

EXTERNO, INTERNO e N de FEATURES
0 0.389026 0.500753 187
1 0.307464 0.503699 174
2 0.452299 0.421734 640
3 0.454276 0.425562 560
4 0.452299 0.440574 471
5 0.388532 0.466675 281
6 0.399901 0.431398 362
7 0.347998 0.470303 239
8 0.453287 0.413521 719
9 0.481957 0.418404 1030
PRECISAO DO ENSEMBLE 0.54523
0 0.892042
1 1
2 0.88329
3 0.854295
4 0.864964
5 0.903017
6 0.866838
7 0.898614
8 0.840945
9 0.857664

Geração 3

EXTERNO, INTERNO e N de FEATURES
0 0.300544 0.468945 231
1 0.398913 0.471182 331
2 0.388038 0.455934 301
3 0.417202 0.430469 555
4 0.405339 0.428612 456
5 0.39743 0.441757 435
6 0.423134 0.425237 521
7 0.452793 0.444061 458
8 0.43302 0.452619 510
9 0.395947 0.455316 355
PRECISAO DO ENSEMBLE 0.546218
0 1
1 0.938165
2 0.920279
3 0.901841
4 0.901882
5 0.949355
6 0.877447
7 0.888715
8 0.904244
9 0.918693

Geração 4

EXTERNO, INTERNO e N de FEATURES
0 0.336629 0.467803 261
1 0.412753 0.443469 461
2 0.44785 0.428237 476
3 0.43302 0.433031 516
4 0.430054 0.441061 489
5 0.417202 0.440793 464
6 0.349481 0.458366 315
7 0.387543 0.445208 418
8 0.405833 0.42985 505
9 0.439941 0.439229 529
PRECISAO DO ENSEMBLE 0.52694
0 1
1 0.913776
2 0.926766
3 0.915743
4 0.95014
5 0.943703
6 0.96095
7 0.931904
8 0.937598
9 0.918294

Geração 5

EXTERNO, INTERNO e N de FEATURES
0 0.351953 0.462181 289
1 0.388038 0.462473 370
2 0.389521 0.439765 470
3 0.442412 0.438507 533
4 0.392981 0.437146 405
5 0.405833 0.450084 373
6 0.405339 0.429409 523
7 0.436975 0.432343 544
8 0.40089 0.445955 447
9 0.421157 0.427433 475
PRECISAO DO ENSEMBLE 0.531883
0 1
1 0.951282
2 0.935851
3 0.91472
4 0.90585
5 0.932872
6 0.925024
7 0.912328
8 0.921582
9 0.901934

Geração 6

EXTERNO, INTERNO e N de FEATURES
0 0.353435 0.4578 299
1 0.37568 0.459644 397
2 0.441424 0.428751 534
3 0.364805 0.441324 413
4 0.416214 0.436482 495
5 0.380129 0.431183 439
6 0.445872 0.441195 556
7 0.327731 0.460754 317
8 0.414731 0.426155 488
9 0.425606 0.423007 488
PRECISAO DO ENSEMBLE 0.537321
0 0.984415
1 0.995487
2 0.935332
3 0.980235
4 0.942683
5 0.972308
6 0.94439
7 1
8 0.953745
9 0.946199

Geração 7

EXTERNO, INTERNO e N de FEATURES
0 0.373702 0.47133 348
1 0.407316 0.445282 410
2 0.401878 0.425568 525
3 0.434998 0.445092 488
4 0.460702 0.446399 562
5 0.4261 0.427987 513
6 0.393475 0.435937 442
7 0.363816 0.446794 355
8 0.424123 0.447525 406
9 0.424123 0.432788 508
PRECISAO DO ENSEMBLE 0.550667
0 0.998037
1 0.953417
2 0.958438
3 0.938672
4 0.940335
5 0.953943
6 0.966186
7 1
8 0.957367
9 0.940481

Geração 8

EXTERNO, INTERNO e N de FEATURES
0 0.397924 0.443927 388
1 0.393969 0.444911 365
2 0.381611 0.466689 374
3 0.428077 0.426115 526
4 0.389521 0.459888 385
5 0.392981 0.455875 423
6 0.437469 0.448771 414
7 0.407316 0.441526 431
8 0.424617 0.429804 521
9 0.384083 0.432844 436
PRECISAO DO ENSEMBLE 0.538804
0 1
1 0.97629
2 0.995464
3 0.976365
4 0.975677
5 0.971278
6 0.9776
7 0.97449
8 0.956289
9 0.977161

Geração 9

EXTERNO, INTERNO e N de FEATURES
0 0.383094 0.428516 414
1 0.400395 0.450856 405
2 0.417202 0.438042 453
3 0.428571 0.426331 536
4 0.395947 0.438143 425
5 0.404844 0.446755 423
6 0.398913 0.444252 427
7 0.413742 0.436355 436
8 0.418685 0.431931 465
9 0.418685 0.427959 517
PRECISAO DO ENSEMBLE 0.535838
0 1
1 0.975515
2 0.955988
3 0.943372
4 0.96223
5 0.966922
6 0.960463
7 0.988204
8 0.97149
9 0.941947

Geração 10

EXTERNO, INTERNO e N de FEATURES
0 0.398418 0.448032 433
1 0.430054 0.44447 449
2 0.423628 0.431701 436
3 0.420168 0.444051 495
4 0.420168 0.4412 516
5 0.402867 0.426666 458
6 0.417202 0.445955 442
7 0.391992 0.444484 440
8 0.409293 0.435229 436
9 0.403361 0.435311 454
PRECISAO DO ENSEMBLE 0.530895
0 1
1 0.96242
2 0.904923
3 0.963284
4 0.947945
5 0.92707
6 0.949407
7 0.945959
8 0.968227
9 0.958505

Qualidade, diversidade e fitness por particao
0 0.94205 0.0490221 0.975573
1 0.947269 0.0459133 0.913705
2 0.948125 0.0443217 0.882032
3 0.953174 0.0414759 0.825398
4 0.953073 0.0416839 0.829537
5 0.953505 0.0420262 0.83635
6 0.956707 0.0415183 0.826243
7 0.958051 0.0409667 0.815264
8 0.958437 0.0401038 0.798093
9 0.940756 0.0502495 1
10 0.947616 0.0443702 0.882998
11 0.94392 0.0484088 0.963369
12 0.951571 0.0431783 0.859278
13 0.952843 0.041902 0.833878
14 0.952445 0.0422894 0.841587
15 0.948251 0.0449712 0.894957
16 0.950761 0.0420949 0.837716
17 0.94678 0.0447434 0.890424
18 0.955308 0.0407532 0.811016
19 0.954285 0.0421545 0.838904
20 0.946158 0.0467003 0.929368
21 0.948852 0.0452185 0.899879
22 0.947538 0.0438967 0.873574
23 0.951822 0.0422326 0.840458
24 0.950858 0.0431039 0.857797
25 0.952074 0.0437682 0.871017
26 0.952958 0.0414928 0.825736
27 0.95557 0.0418781 0.833403
28 0.952283 0.0430359 0.856443
29 0.951012 0.0441437 0.878489
30 0.948527 0.0449332 0.894202
31 0.954173 0.0419308 0.834451
32 0.950607 0.0420685 0.837191
33 0.954699 0.0415099 0.826074
34 0.949944 0.0432534 0.860772
35 0.951364 0.0431084 0.857886
36 0.95052 0.0435457 0.866589
37 0.95075 0.0425002 0.845783
38 0.951802 0.0429843 0.855417
39 0.956572 0.0419076 0.833991
40 0.948219 0.0456153 0.907775
41 0.952065 0.0435185 0.866047
42 0.951084 0.0431448 0.858611
43 0.953262 0.0423535 0.842864
44 0.951151 0.042012 0.836067
45 0.952765 0.0431856 0.859423
46 0.949707 0.0427734 0.85122
47 0.953738 0.0420641 0.837105
48 0.951002 0.0428433 0.85261
49 0.953457 0.0418889 0.833617
50 0.950235 0.0438914 0.873469
51 0.950081 0.0441217 0.878051
52 0.953901 0.0416722 0.829305
53 0.948946 0.0437471 0.870598
54 0.95406 0.0419089 0.834016
55 0.950216 0.043725 0.870157
56 0.954427 0.0420102 0.836032
57 0.947886 0.044714 0.889839
58 0.950799 0.042606 0.847889
59 0.952635 0.0420331 0.836488
60 0.949739 0.0440016 0.875662
61 0.952388 0.0422906 0.841612
62 0.953397 0.0420744 0.837309
63 0.953558 0.0416568 0.828999
64 0.954153 0.0416991 0.82984
65 0.953148 0.0426525 0.848813
66 0.951982 0.0429651 0.855034
67 0.949729 0.0438053 0.871755
68 0.951479 0.0428172 0.852091
69 0.954531 0.0418339 0.832524
70 0.949613 0.044215 0.879908
71 0.95176 0.043252 0.860744
72 0.950768 0.0443124 0.881846
73 0.953812 0.0419723 0.835278
74 0.951659 0.0429288 0.854312
75 0.95371 0.0426414 0.848593
76 0.95405 0.042626 0.848287
77 0.951566 0.0426514 0.848792
78 0.953161 0.0414939 0.825756
79 0.951089 0.0430079 0.855886
80 0.948902 0.0440194 0.876016
81 0.952847 0.043351 0.862714
82 0.952845 0.0426051 0.847871
83 0.956083 0.0418024 0.831895
84 0.951977 0.0432306 0.860318
85 0.953576 0.0434124 0.863936
86 0.95297 0.0431785 0.859282
87 0.949124 0.0437045 0.869749
88 0.951504 0.042817 0.852087
89 0.955088 0.0414853 0.825585
90 0.94803 0.0447622 0.890797
91 0.952026 0.0429149 0.854036
92 0.954997 0.0408705 0.81335
93 0.953745 0.0426523 0.84881
94 0.956501 0.0417807 0.831464
95 0.952745 0.041891 0.83366
96 0.952535 0.0424706 0.845194
97 0.952055 0.0426413 0.848591
98 0.95043 0.0436249 0.868166
99 0.954284 0.0428211 0.85217

Criterio externo do ensemble por geracao cumulativo
0 0.533366
1 0.54523
2 0.546218
3 0.52694
4 0.531883
5 0.537321
6 0.550667
7 0.538804
8 0.535838
9 0.530895

Criterio externo do ensemble por geracao
9 0.533366
19 0.526446
29 0.481957
39 0.484429
49 0.482452
59 0.487395
69 0.499753
79 0.479486
89 0.481463
99 0.490361

Ensembles com porcentagem dos melhores
9 0.419179
19 0.43648
29 0.458725
39 0.496787
49 0.489867
59 0.502719
69 0.513099
79 0.505685
89 0.536332
99 0.530895

Experimento 3
Taxa de mutação de 0.05 e num de pais 2
Geração 1

EXTERNO, INTERNO e N de FEATURES
0 0.314385 0.565789 137
1 0.36431 0.461233 273
2 0.399901 0.443761 390
3 0.45477 0.4397 542
4 0.448344 0.434114 665
5 0.485912 0.430062 801
6 0.495798 0.449142 935
7 0.474048 0.419888 1068
8 0.480475 0.408655 1190
9 0.287692 0.590913 110
PRECISAO DO ENSEMBLE 0.522986
0 0.944185
1 0.890327
2 0.845266
3 0.836592
4 0.813347
5 0.798155
6 0.808772
7 0.788814
8 0.786804
9 1

Geração 2

EXTERNO, INTERNO e N de FEATURES
0 0.332674 0.548374 171
1 0.336134 0.509744 198
2 0.403856 0.450662 336
3 0.410282 0.453153 400
4 0.425111 0.421297 513
5 0.474543 0.427299 829
6 0.482946 0.414663 1109
7 0.445872 0.423142 572
8 0.521503 0.421143 1094
9 0.509639 0.422325 1071
PRECISAO DO ENSEMBLE 0.564508
0 1
1 0.970356
2 0.888545
3 0.859406
4 0.836973
5 0.800047
6 0.802773
7 0.836811
8 0.798894
9 0.80068

Geração 3

EXTERNO, INTERNO e N de FEATURES
0 0.36085 0.496281 230
1 0.359367 0.485591 252
2 0.403856 0.45806 341
3 0.397924 0.443976 469
4 0.468611 0.427831 791
5 0.467128 0.411747 789
6 0.459219 0.449216 604
7 0.439446 0.441037 580
8 0.421157 0.434978 563
9 0.493327 0.426795 894
PRECISAO DO ENSEMBLE 0.546713
0 1
1 0.967912
2 0.962324
3 0.94681
4 0.894229
5 0.888483
6 0.912697
7 0.936189
8 0.924682
9 0.887221

Geração 4

EXTERNO, INTERNO e N de FEATURES
0 0.38606 0.487122 268
1 0.3826 0.464526 288
2 0.406327 0.432595 612
3 0.445378 0.438555 601
4 0.362827 0.48292 287
5 0.446861 0.440652 607
6 0.481957 0.420208 865
7 0.486901 0.411359 789
8 0.42264 0.42948 610
9 0.470094 0.40871 733
PRECISAO DO ENSEMBLE 0.557588
0 1
1 0.925535
2 0.892042
3 0.888513
4 0.965803
5 0.887592
6 0.86754
7 0.855773
8 0.907491
9 0.86279

Geração 5

EXTERNO, INTERNO e N de FEATURES
0 0.394958 0.467036 314
1 0.370737 0.440549 321
2 0.41127 0.451204 318
3 0.442907 0.43624 601
4 0.475037 0.420608 695
5 0.464162 0.425514 691
6 0.424123 0.44424 600
7 0.406327 0.457684 323
8 0.447355 0.4317 650
9 0.430054 0.410427 572
PRECISAO DO ENSEMBLE 0.557093
0 1
1 0.994888
2 0.991306
3 0.940362
4 0.944556
5 0.927471
6 0.973525
7 0.99464
8 0.94965
9 0.95405

Geração 6

EXTERNO, INTERNO e N de FEATURES
0 0.437469 0.45975 349
1 0.367771 0.4513 360
2 0.370737 0.442261 354
3 0.446861 0.443897 595
4 0.405339 0.437767 412
5 0.406822 0.445203 557
6 0.411765 0.445151 394
7 0.448838 0.433156 560
8 0.44785 0.449855 642
9 0.427583 0.422479 617
PRECISAO DO ENSEMBLE 0.543747
0 0.991177
1 0.993596
2 0.974232
3 0.951904
4 0.962194
5 0.984015
6 1
7 0.968559
8 0.962824
9 0.966905

Geração 7

EXTERNO, INTERNO e N de FEATURES
0 0.42956 0.463694 409
1 0.406327 0.436022 387
2 0.434009 0.423098 621
3 0.403856 0.440447 406
4 0.409293 0.427339 562
5 0.388532 0.454096 406
6 0.437469 0.431041 564
7 0.435986 0.421804 646
8 0.358873 0.434916 396
9 0.412259 0.428985 607
PRECISAO DO ENSEMBLE 0.556599
0 0.999895
1 0.950815
2 0.954838
3 1
4 0.952857
5 0.960317
6 0.922943
7 0.942676
8 0.975999
9 0.957304

Geração 8

EXTERNO, INTERNO e N de FEATURES
0 0.412259 0.448614 429
1 0.385566 0.439732 427
2 0.413742 0.444925 446
3 0.435986 0.428649 543
4 0.398418 0.457726 429
5 0.428077 0.453236 437
6 0.416214 0.448832 436
7 0.423628 0.431703 552
8 0.407316 0.416508 651
9 0.413742 0.426353 628
PRECISAO DO ENSEMBLE 0.547701
0 0.949008
1 1
2 0.945589
3 0.924604
4 0.954405
5 0.942087
6 0.92662
7 0.923214
8 0.939197
9 0.941876

Geração 9

EXTERNO, INTERNO e N de FEATURES
0 0.442412 0.437701 465
1 0.418191 0.427313 449
2 0.40781 0.458101 508
3 0.395452 0.420444 493
4 0.424617 0.43798 474
5 0.40781 0.439621 444
6 0.399407 0.434385 513
7 0.417202 0.437397 488
8 0.408799 0.449761 433
9 0.441424 0.442829 476
PRECISAO DO ENSEMBLE 0.553633
0 0.964669
1 0.964552
2 0.989796
3 0.998063
4 0.977647
5 0.980224
6 0.972078
7 0.975464
8 1
9 0.95154

Geração 10

EXTERNO, INTERNO e N de FEATURES
0 0.384577 0.436223 444
1 0.411765 0.428771 512
2 0.443895 0.44007 483
3 0.443895 0.441744 525
4 0.407316 0.424177 476
5 0.405339 0.43321 471
6 0.407316 0.436591 458
7 0.4261 0.434553 525
8 0.419674 0.433374 485
9 0.409293 0.430035 460
PRECISAO DO ENSEMBLE 0.527435
0 1
1 0.961126
2 0.980542
3 0.952745
4 0.966443
5 0.97578
6 0.980668
7 0.968498
8 0.982405
9 0.951522

Qualidade, diversidade e fitness por particao
0 0.939556 0.0483784 0.953409
1 0.943599 0.0454154 0.895016
2 0.949079 0.0424278 0.836139
3 0.94973 0.0423726 0.83505
4 0.950901 0.0413323 0.814549
5 0.958043 0.0401889 0.792016
6 0.958318 0.041075 0.809478
7 0.95978 0.0395671 0.779762
8 0.956717 0.039803 0.784411
9 0.937957 0.0507426 1
10 0.938881 0.0499441 0.984265
11 0.940497 0.048581 0.957402
12 0.947042 0.0446523 0.879978
13 0.951523 0.0429394 0.846221
14 0.951742 0.0418519 0.824788
15 0.957339 0.040112 0.7905
16 0.956993 0.0403799 0.79578
17 0.951444 0.0419546 0.826813
18 0.957574 0.0403969 0.796115
19 0.957557 0.04073 0.80268
20 0.944299 0.0456025 0.898702
21 0.946008 0.0440874 0.868845
22 0.94699 0.0441835 0.870738
23 0.947541 0.0435814 0.858874
24 0.954374 0.0408389 0.804825
25 0.954597 0.0407217 0.802516
26 0.953921 0.0412467 0.812861
27 0.952002 0.042618 0.839886
28 0.952389 0.0418762 0.825268
29 0.957708 0.0406363 0.800832
30 0.945165 0.0451779 0.890335
31 0.948215 0.0429485 0.8464
32 0.951018 0.0413686 0.815264
33 0.95388 0.0414022 0.815926
34 0.945549 0.0449644 0.886129
35 0.952377 0.0410529 0.809043
36 0.956639 0.0403906 0.795991
37 0.956511 0.0396239 0.780882
38 0.952902 0.0422371 0.83238
39 0.956142 0.0402106 0.792444
40 0.946646 0.0441733 0.870536
41 0.947992 0.0426859 0.841225
42 0.946869 0.0440429 0.867968
43 0.952985 0.0413004 0.81392
44 0.95387 0.0408738 0.805512
45 0.953102 0.040463 0.797417
46 0.95171 0.0424447 0.836472
47 0.948024 0.0440988 0.86907
48 0.950742 0.0420351 0.8284
49 0.952726 0.0413579 0.815052
50 0.948818 0.0433773 0.85485
51 0.948205 0.0435693 0.858635
52 0.947911 0.0429186 0.845811
53 0.952539 0.041686 0.821519
54 0.94974 0.0425474 0.838494
55 0.949775 0.0431996 0.851349
56 0.947839 0.0435447 0.858149
57 0.95069 0.0422924 0.833469
58 0.955914 0.0414305 0.816484
59 0.950877 0.0421396 0.830459
60 0.949683 0.043666 0.86054
61 0.94997 0.0423933 0.835458
62 0.949792 0.0421526 0.830715
63 0.949868 0.0440022 0.867166
64 0.952444 0.0420281 0.828261
65 0.948727 0.0429593 0.846613
66 0.954846 0.0406976 0.80204
67 0.952171 0.0413027 0.813965
68 0.947595 0.0436238 0.859708
69 0.950481 0.0423709 0.835017
70 0.95044 0.0433223 0.853765
71 0.946327 0.0453262 0.893258
72 0.950276 0.0425428 0.838404
73 0.952862 0.0414778 0.817416
74 0.950393 0.0434382 0.85605
75 0.950488 0.0424559 0.836692
76 0.951882 0.0414123 0.816125
77 0.952272 0.0414372 0.816616
78 0.951377 0.0418296 0.824349
79 0.950894 0.0420887 0.829455
80 0.951791 0.041635 0.820515
81 0.951595 0.0420639 0.828966
82 0.952914 0.0422426 0.832488
83 0.94928 0.0425301 0.838155
84 0.95127 0.0411087 0.810142
85 0.950004 0.0423763 0.835123
86 0.951373 0.04153 0.818446
87 0.950328 0.0425696 0.838932
88 0.950496 0.0429062 0.845567
89 0.952362 0.0408855 0.805743
90 0.948017 0.0440617 0.868338
91 0.952562 0.0420466 0.828626
92 0.950137 0.0430255 0.847918
93 0.952876 0.0416637 0.821081
94 0.951154 0.0422173 0.83199
95 0.950746 0.0423888 0.835369
96 0.95006 0.042458 0.836734
97 0.9518 0.0421154 0.829981
98 0.950982 0.0425371 0.838293
99 0.950362 0.0415084 0.818019

Criterio externo do ensemble por geracao cumulativo
0 0.522986
1 0.564508
2 0.546713
3 0.557588
4 0.557093
5 0.543747
6 0.556599
7 0.547701
8 0.553633
9 0.527435

Criterio externo do ensemble por geracao
9 0.522986
19 0.544736
29 0.516065
39 0.511122
49 0.499259
59 0.498764
69 0.497281
79 0.491349
89 0.471577
99 0.504202

Ensembles com porcentagem dos melhores
9 0.425111
19 0.465645
29 0.484429
39 0.497776
49 0.51656
59 0.538804
69 0.537815
79 0.532378
89 0.537321
99 0.527435

Experimento 4
Taxa de mutação de 0.05 e num de pais 2
Geração 1

EXTERNO, INTERNO e N de FEATURES
0 0.344043 0.574662 139
1 0.354918 0.485901 265
2 0.421157 0.461883 402
3 0.441424 0.43698 542
4 0.432032 0.438937 651
5 0.487889 0.42569 810
6 0.458725 0.41296 921
7 0.502224 0.419656 1062
8 0.496787 0.420567 1188
9 0.28868 0.532508 151
PRECISAO DO ENSEMBLE 0.52694
0 0.979852
1 0.886444
2 0.860719
3 0.841801
4 0.866887
5 0.809984
6 0.819979
7 0.798023
8 0.789994
9 1

Geração 2

EXTERNO, INTERNO e N de FEATURES
0 0.326248 0.481268 212
1 0.341572 0.522836 185
2 0.361839 0.468593 238
3 0.396441 0.475392 267
4 0.490361 0.425308 711
5 0.393475 0.443578 379
6 0.393969 0.469905 348
7 0.500247 0.416382 987
8 0.486406 0.419446 917
9 0.415225 0.417139 644
PRECISAO DO ENSEMBLE 0.556599
0 0.940484
1 1
2 0.938646
3 0.897392
4 0.867921
5 0.904261
6 0.923359
7 0.851031
8 0.841264
9 0.850377

Geração 3

EXTERNO, INTERNO e N de FEATURES
0 0.347504 0.490264 239
1 0.357884 0.481562 257
2 0.456253 0.430774 647
3 0.422145 0.447288 412
4 0.395947 0.459755 378
5 0.374197 0.474708 311
6 0.3826 0.465181 322
7 0.416214 0.420613 614
8 0.485418 0.422319 967
9 0.457736 0.434898 574
PRECISAO DO ENSEMBLE 0.552645
0 0.965133
1 1
2 0.887912
3 0.91052
4 0.94951
5 0.924852
6 0.941602
7 0.885993
8 0.889878
9 0.88721

Geração 4

EXTERNO, INTERNO e N de FEATURES
0 0.393475 0.469991 294
1 0.3826 0.481536 279
2 0.406822 0.446367 380
3 0.430549 0.421232 575
4 0.436975 0.434212 594
5 0.413742 0.44316 420
6 0.395452 0.457421 349
7 0.434998 0.456509 406
8 0.449333 0.43779 560
9 0.42264 0.435524 418
PRECISAO DO ENSEMBLE 0.535838
0 0.978346
1 1
2 0.952825
3 0.955016
4 0.964554
5 0.983982
6 0.982166
7 0.983025
8 0.936574
9 0.951757

Geração 5

EXTERNO, INTERNO e N de FEATURES
0 0.385072 0.478002 319
1 0.445872 0.446043 451
2 0.425606 0.448936 369
3 0.415225 0.458211 384
4 0.394958 0.443548 392
5 0.460702 0.425301 620
6 0.395947 0.453953 323
7 0.420168 0.447258 399
8 0.406327 0.44941 388
9 0.414731 0.448286 397
PRECISAO DO ENSEMBLE 0.537815
0 1
1 0.926378
2 0.936984
3 0.935788
4 0.963475
5 0.918522
6 0.942512
7 0.947356
8 0.924081
9 0.943204

Geração 6

EXTERNO, INTERNO e N de FEATURES
0 0.39743 0.454065 357
1 0.398418 0.434505 410
2 0.437963 0.419936 614
3 0.40781 0.432394 415
4 0.388532 0.445323 406
5 0.42956 0.442461 427
6 0.362333 0.459234 363
7 0.428571 0.456013 407
8 0.426594 0.45597 391
9 0.41127 0.467783 370
PRECISAO DO ENSEMBLE 0.55215
0 0.948151
1 0.959932
2 0.952648
3 0.952876
4 0.977536
5 0.958274
6 0.961392
7 0.963364
8 1
9 0.943144

Geração 7

EXTERNO, INTERNO e N de FEATURES
0 0.403856 0.451688 418
1 0.405833 0.433597 438
2 0.391498 0.449471 361
3 0.443401 0.435683 445
4 0.403361 0.448907 398
5 0.424617 0.43981 438
6 0.404844 0.428537 430
7 0.430549 0.45189 401
8 0.415719 0.433274 437
9 0.434998 0.442861 439
PRECISAO DO ENSEMBLE 0.539298
0 0.971487
1 0.980117
2 0.979537
3 0.940123
4 0.924229
5 0.951211
6 1
7 0.976499
8 0.950934
9 0.944522

Geração 8

EXTERNO, INTERNO e N de FEATURES
0 0.436975 0.451317 451
1 0.429066 0.42036 452
2 0.446861 0.448912 432
3 0.399901 0.444962 448
4 0.427583 0.447563 445
5 0.439446 0.454555 425
6 0.395947 0.459812 431
7 0.428571 0.437741 470
8 0.40435 0.457418 408
9 0.43648 0.440731 448
PRECISAO DO ENSEMBLE 0.548196
0 1
1 0.971743
2 0.994768
3 0.987047
4 0.960319
5 0.9427
6 0.978936
7 0.953612
8 0.983669
9 0.964102

Geração 9

EXTERNO, INTERNO e N de FEATURES
0 0.393475 0.425347 464
1 0.44785 0.450235 461
2 0.425111 0.44964 472
3 0.430054 0.441634 473
4 0.433515 0.446175 450
5 0.414731 0.458574 426
6 0.420662 0.429345 456
7 0.406327 0.455703 448
8 0.437469 0.436686 489
9 0.412259 0.445004 495
PRECISAO DO ENSEMBLE 0.551162
0 0.964624
1 0.946383
2 0.96234
3 1
4 0.952284
5 0.968608
6 0.972648
7 0.948684
8 0.955428
9 0.966961

Geração 10

EXTERNO, INTERNO e N de FEATURES
0 0.440435 0.440303 498
1 0.446367 0.438596 488
2 0.421157 0.454003 466
3 0.434503 0.446334 483
4 0.434998 0.430549 471
5 0.413742 0.448278 508
6 0.432032 0.44188 479
7 0.434998 0.432358 507
8 0.414731 0.433581 476
9 0.42956 0.447302 509
PRECISAO DO ENSEMBLE 0.561542
0 0.957114
1 0.961246
2 0.937229
3 0.9746
4 1
5 0.942527
6 0.978945
7 0.950146
8 0.95772
9 0.957215

Qualidade, diversidade e fitness por particao
0 0.945095 0.0484739 0.976274
1 0.94982 0.0442376 0.890954
2 0.952334 0.0429917 0.865862
3 0.95449 0.0415349 0.836521
4 0.953597 0.0434142 0.87437
5 0.957936 0.0405288 0.816258
6 0.95619 0.0410051 0.82585
7 0.959856 0.0401168 0.80796
8 0.960177 0.0394592 0.794715
9 0.941183 0.049652 1
10 0.947441 0.0449447 0.905195
11 0.946202 0.0481836 0.970428
12 0.94713 0.0454515 0.915403
13 0.953727 0.0424887 0.855732
14 0.957858 0.0413374 0.832544
15 0.951679 0.0436323 0.878763
16 0.951721 0.0440781 0.887741
17 0.95958 0.0404214 0.814096
18 0.95968 0.0396956 0.799478
19 0.955685 0.0403687 0.813034
20 0.949342 0.0443072 0.892356
21 0.947992 0.0458448 0.923323
22 0.954933 0.0413565 0.832928
23 0.954271 0.041981 0.845505
24 0.951908 0.0437801 0.881741
25 0.952713 0.043315 0.872373
26 0.953083 0.0443486 0.893189
27 0.955192 0.0410144 0.826037
28 0.956836 0.0408574 0.822876
29 0.957134 0.0407076 0.81986
30 0.951001 0.0429433 0.864886
31 0.951273 0.0436546 0.879212
32 0.95339 0.0420269 0.846431
33 0.954185 0.0416293 0.838422
34 0.953876 0.0426442 0.858863
35 0.952289 0.0431856 0.869766
36 0.953111 0.0432288 0.870637
37 0.95388 0.0435783 0.877675
38 0.956054 0.0412613 0.831011
39 0.955478 0.0418307 0.842479
40 0.949441 0.045509 0.91656
41 0.954537 0.0421256 0.848417
42 0.952902 0.0423593 0.853125
43 0.954681 0.0424218 0.854383
44 0.953061 0.0434362 0.874813
45 0.954935 0.0410464 0.826683
46 0.953307 0.0423348 0.852632
47 0.951733 0.0427836 0.86167
48 0.95384 0.0421854 0.849621
49 0.9512 0.0426344 0.858665
50 0.953559 0.0423887 0.853717
51 0.953506 0.0423825 0.853592
52 0.953458 0.0421028 0.847958
53 0.954689 0.0423125 0.852181
54 0.94971 0.0435142 0.876384
55 0.954864 0.0419789 0.845464
56 0.952346 0.0423138 0.852209
57 0.953473 0.0431136 0.868316
58 0.952063 0.0445322 0.896887
59 0.955707 0.0413468 0.832732
60 0.953243 0.042975 0.865525
61 0.95143 0.0430414 0.866861
62 0.951813 0.0432842 0.871751
63 0.954632 0.0412629 0.831043
64 0.95352 0.0409416 0.824572
65 0.955207 0.0417877 0.841613
66 0.952683 0.0432549 0.871163
67 0.954664 0.0420786 0.847472
68 0.953387 0.0420236 0.846363
69 0.956316 0.0415118 0.836056
70 0.953925 0.0431992 0.87004
71 0.952401 0.0422517 0.850957
72 0.955431 0.043081 0.86766
73 0.952147 0.0433629 0.873337
74 0.954832 0.0420943 0.847787
75 0.957305 0.0411465 0.828699
76 0.951515 0.0430373 0.866779
77 0.955676 0.0414526 0.834863
78 0.953215 0.0430038 0.866106
79 0.954329 0.0418166 0.842194
80 0.953741 0.0426473 0.858925
81 0.956893 0.0413489 0.832775
82 0.957324 0.0424382 0.854713
83 0.954412 0.0434982 0.876061
84 0.954591 0.0417008 0.839863
85 0.954639 0.0424117 0.85418
86 0.953571 0.0424358 0.854666
87 0.955668 0.0412382 0.830546
88 0.95572 0.041574 0.837309
89 0.955183 0.0421099 0.848102
90 0.955635 0.0413203 0.832198
91 0.957265 0.0415714 0.837255
92 0.95755 0.0406654 0.819009
93 0.956015 0.0420413 0.846721
94 0.953586 0.0429795 0.865615
95 0.954872 0.0412652 0.831089
96 0.954977 0.0424897 0.85575
97 0.956864 0.0414329 0.834466
98 0.954789 0.0417402 0.840656
99 0.956511 0.0413999 0.833802

Criterio externo do ensemble por geracao cumulativo
0 0.52694
1 0.556599
2 0.552645
3 0.535838
4 0.537815
5 0.55215
6 0.539298
7 0.548196
8 0.551162
9 0.561542

Criterio externo do ensemble por geracao
9 0.52694
19 0.525457
29 0.493327
39 0.484923
49 0.518043
59 0.491844
69 0.509145
79 0.513594
89 0.495304
99 0.488384

Ensembles com porcentagem dos melhores
9 0.409293
19 0.486406
29 0.513099
39 0.515077
49 0.533366
59 0.534849
69 0.548196
79 0.551162
89 0.551162
99 0.561542

Experimento 5
Taxa de mutação de 0.05 e num de pais 2
Geração 1

EXTERNO, INTERNO e N de FEATURES
0 0.314385 0.546331 158
1 0.349481 0.46901 270
2 0.383094 0.445081 380
3 0.388038 0.432725 519
4 0.472071 0.425199 658
5 0.447355 0.421989 788
6 0.472565 0.417558 923
7 0.475037 0.422634 1024
8 0.496293 0.416232 1180
9 0.281265 0.567272 125
PRECISAO DO ENSEMBLE 0.497281
0 0.984011
1 0.918611
2 0.89442
3 0.874409
4 0.840688
5 0.830898
6 0.836924
7 0.816816
8 0.820124
9 1

Geração 2

EXTERNO, INTERNO e N de FEATURES
0 0.327237 0.526118 181
1 0.323777 0.494242 209
2 0.518043 0.41706 972
3 0.468117 0.429324 694
4 0.417202 0.420508 537
5 0.495304 0.44355 875
6 0.341572 0.45321 305
7 0.490855 0.418969 861
8 0.358379 0.49413 215
9 0.403856 0.438365 508
PRECISAO DO ENSEMBLE 0.531389
0 1
1 0.994236
2 0.900313
3 0.913793
4 0.914542
5 0.905133
6 0.969346
7 0.887369
8 0.966622
9 0.950618

Geração 3

EXTERNO, INTERNO e N de FEATURES
0 0.351953 0.475525 239
1 0.365299 0.468264 256
2 0.387543 0.439046 411
