Carregando documentos....
2023 documentos carregados com 1311 termos.
Geração 1

EXTERNO, INTERNO e N de FEATURES
0 0.275334 0.56248 137
1 0.35047 0.480191 245
2 0.390509 0.433798 375
3 0.448838 0.456772 491
4 0.426594 0.425771 650
5 0.485418 0.419776 760
6 0.492832 0.430067 917
7 0.497281 0.413149 1058
8 0.474048 0.407428 1175
9 0.302027 0.559888 127
10 0.35047 0.480321 241
11 0.410776 0.435084 410
12 0.460702 0.427897 504
13 0.460702 0.423001 613
14 0.475531 0.423632 803
15 0.470588 0.422421 897
16 0.485912 0.420804 1058
17 0.474543 0.413442 1183
18 0.296095 0.572157 123
19 0.348987 0.481829 251
20 0.403856 0.434844 401
21 0.455759 0.447296 476
22 0.43302 0.409116 685
23 0.456747 0.418471 756
24 0.481957 0.424844 923
25 0.474048 0.410289 1053
26 0.50173 0.423934 1189
27 0.320316 0.527698 155
28 0.32872 0.469283 255
29 0.386555 0.433107 392
PRECISAO DO ENSEMBLE 0.556105
0 0.0964707
1 0.180372
2 0.225252
3 0.306565
4 0.321943
5 0.372953
6 0.373814
7 0.406246
8 0.41107
9 0.133579
10 0.160872
11 0.24734
12 0.303657
13 0.342804
14 0.34575
15 0.378504
16 0.422763
17 0.370775
18 0.108294
19 0.172212
20 0.254252
21 0.316713
22 0.308919
23 0.316277
24 0.394491
25 0.405379
26 0.452498
27 0.131655
28 0.164624
29 0.209746

Geração 2

EXTERNO, INTERNO e N de FEATURES
0 0.420662 0.436818 516
1 0.424123 0.435357 492
2 0.439941 0.441523 479
3 0.412753 0.425187 491
4 0.420168 0.434256 483
5 0.411765 0.429027 484
6 0.408799 0.441623 475
7 0.420168 0.4479 467
8 0.408304 0.420048 477
9 0.414731 0.420592 495
10 0.411765 0.425086 529
11 0.392981 0.431417 492
12 0.43302 0.431017 509
13 0.401384 0.421226 483
14 0.443401 0.430724 506
15 0.428571 0.429686 499
16 0.423628 0.433065 477
17 0.401878 0.44 469
18 0.402373 0.437465 523
19 0.442412 0.424645 519
20 0.448344 0.425426 521
21 0.434998 0.445296 508
22 0.423134 0.431744 488
23 0.456747 0.449266 491
24 0.433515 0.430136 516
25 0.399901 0.414789 483
26 0.426594 0.435569 499
27 0.407316 0.428628 511
28 0.417696 0.425734 499
29 0.427583 0.428497 506
PRECISAO DO ENSEMBLE 0.493821
0 0.27774
1 0.260379
2 0.308175
3 0.297474
4 0.286748
5 0.26892
6 0.288507
7 0.241911
8 0.253433
9 0.273933
10 0.255086
11 0.256944
12 0.314351
13 0.256746
14 0.336889
15 0.277998
16 0.292526
17 0.251459
18 0.270871
19 0.289117
20 0.303251
21 0.292726
22 0.251442
23 0.29236
24 0.314676
25 0.266339
26 0.298336
27 0.279263
28 0.294009
29 0.272875

Geração 3

EXTERNO, INTERNO e N de FEATURES
0 0.426594 0.42142 595
1 0.431043 0.426389 585
2 0.437963 0.423384 584
3 0.42956 0.426213 562
4 0.421157 0.430713 576
5 0.420662 0.42119 581
6 0.478497 0.425196 593
7 0.441918 0.437429 571
8 0.437963 0.419484 583
9 0.430054 0.424804 568
10 0.424617 0.428953 553
11 0.451804 0.433907 562
12 0.455264 0.437938 576
13 0.415719 0.431001 548
14 0.420168 0.424977 553
15 0.425606 0.423098 565
16 0.434503 0.425123 550
17 0.439941 0.421228 547
18 0.441918 0.421997 598
19 0.394464 0.422266 558
20 0.428571 0.417675 563
21 0.442907 0.429342 531
22 0.440929 0.451781 553
23 0.432032 0.413643 577
24 0.451804 0.428477 546
25 0.453287 0.43236 564
26 0.43648 0.43355 532
27 0.433515 0.437535 560
28 0.418191 0.427555 552
29 0.453287 0.439157 573
PRECISAO DO ENSEMBLE 0.519525
0 0.319023
1 0.313169
2 0.33902
3 0.292642
4 0.29016
5 0.285189
6 0.299984
7 0.307437
8 0.324869
9 0.285292
10 0.286841
11 0.317555
12 0.375176
13 0.2881
14 0.288963
15 0.31004
16 0.326148
17 0.324075
18 0.290626
19 0.297599
20 0.293929
21 0.31853
22 0.30638
23 0.274423
24 0.287287
25 0.344994
26 0.311846
27 0.315638
28 0.285281
29 0.336003

Geração 4

EXTERNO, INTERNO e N de FEATURES
0 0.432526 0.420243 603
1 0.467128 0.422363 633
2 0.42956 0.442959 608
3 0.477509 0.433411 617
4 0.441424 0.444386 603
5 0.461691 0.43325 603
6 0.445378 0.427241 592
7 0.453782 0.44734 631
8 0.437469 0.417835 610
9 0.417202 0.430273 601
10 0.464656 0.427074 648
11 0.462185 0.442209 612
12 0.44439 0.443133 627
13 0.442412 0.426003 617
14 0.451804 0.436698 613
15 0.43302 0.427177 591
16 0.474543 0.426961 620
17 0.463174 0.429201 609
18 0.45131 0.431728 614
19 0.47652 0.451244 600
20 0.447355 0.427364 600
21 0.459219 0.433643 611
22 0.443401 0.424513 641
23 0.447355 0.423892 635
24 0.435492 0.448599 592
25 0.440929 0.415464 586
26 0.436975 0.428359 605
27 0.455759 0.447351 618
28 0.45477 0.429323 605
29 0.437469 0.428213 573
PRECISAO DO ENSEMBLE 0.512111
0 0.320651
1 0.33708
2 0.3702
3 0.341703
4 0.336156
5 0.318004
6 0.32521
7 0.357197
8 0.289435
9 0.31277
10 0.365748
11 0.299157
12 0.32158
13 0.322112
14 0.334058
15 0.327088
16 0.330327
17 0.302593
18 0.320883
19 0.379873
20 0.31264
21 0.310926
22 0.314175
23 0.339048
24 0.288205
25 0.319385
26 0.305053
27 0.345194
28 0.317997
29 0.275899

Geração 5

EXTERNO, INTERNO e N de FEATURES
0 0.432526 0.424563 600
1 0.45823 0.428876 596
2 0.442907 0.437969 605
3 0.456747 0.415714 609
4 0.425606 0.435659 594
5 0.446367 0.436477 598
6 0.464656 0.447884 616
7 0.464656 0.433414 607
8 0.420168 0.420592 616
9 0.443895 0.41892 613
10 0.410776 0.42371 579
11 0.440435 0.425887 618
12 0.431043 0.415353 620
13 0.434998 0.427647 575
14 0.44785 0.416746 598
15 0.436975 0.422433 594
16 0.471083 0.427883 591
17 0.453287 0.423196 589
18 0.453782 0.431599 612
19 0.448344 0.42375 619
20 0.452299 0.437794 596
21 0.467622 0.431069 617
22 0.431537 0.421629 615
23 0.4261 0.426382 591
24 0.432526 0.425307 583
25 0.446861 0.424052 611
26 0.430549 0.418312 606
27 0.455759 0.426666 609
28 0.452299 0.424757 611
29 0.422145 0.431783 605
PRECISAO DO ENSEMBLE 0.525457
0 0.361864
1 0.360168
2 0.320943
3 0.348427
4 0.310639
5 0.32658
6 0.328712
7 0.327396
8 0.273636
9 0.268803
10 0.288619
11 0.303876
12 0.285154
13 0.305145
14 0.326453
15 0.291903
16 0.301825
17 0.335212
18 0.342442
19 0.308112
20 0.345493
21 0.279172
22 0.285747
23 0.254729
24 0.338896
25 0.335574
26 0.295914
27 0.305571
28 0.315698
29 0.33448

Geração 6

EXTERNO, INTERNO e N de FEATURES
0 0.413742 0.428817 607
1 0.440435 0.450684 599
2 0.435986 0.426474 627
3 0.456747 0.424987 641
4 0.465151 0.425254 625
5 0.482452 0.428958 645
6 0.492338 0.43027 614
7 0.425606 0.430505 634
8 0.422145 0.440642 627
9 0.461196 0.436676 629
10 0.448344 0.428213 633
11 0.468611 0.44021 610
12 0.461196 0.439376 642
13 0.448838 0.417932 643
14 0.437469 0.423782 632
15 0.459219 0.430396 643
16 0.44439 0.437614 605
17 0.47998 0.437336 637
18 0.437963 0.430644 637
19 0.450816 0.433494 648
20 0.45131 0.424959 641
21 0.474543 0.42784 611
22 0.452299 0.435863 619
23 0.420168 0.434652 657
24 0.48344 0.438823 630
25 0.401384 0.430722 610
26 0.482452 0.449075 617
27 0.437963 0.423853 638
28 0.406822 0.412785 620
29 0.442907 0.431729 649
PRECISAO DO ENSEMBLE 0.514582
0 0.287398
1 0.374432
2 0.313504
3 0.334835
4 0.33684
5 0.36135
6 0.315807
7 0.309722
8 0.340599
9 0.363062
10 0.350857
11 0.343686
12 0.363539
13 0.317525
14 0.32047
15 0.357248
16 0.326036
17 0.358136
18 0.367933
19 0.345791
20 0.345951
21 0.337059
22 0.375866
23 0.32846
24 0.327936
25 0.271097
26 0.324823
27 0.3517
28 0.267492
29 0.353821

Geração 7

EXTERNO, INTERNO e N de FEATURES
0 0.478992 0.435326 688
1 0.454276 0.428277 659
2 0.469105 0.432128 624
3 0.450816 0.440739 636
4 0.459219 0.431248 679
5 0.451804 0.426433 651
6 0.43648 0.42959 641
7 0.413742 0.414817 643
8 0.412753 0.4255 669
9 0.430054 0.424356 638
10 0.434503 0.428831 614
11 0.443401 0.433362 650
12 0.456747 0.433561 650
13 0.441918 0.426681 636
14 0.434998 0.429973 629
15 0.457736 0.419237 661
16 0.428077 0.427279 630
17 0.462185 0.427625 648
18 0.488384 0.440717 652
19 0.449333 0.435043 636
20 0.450321 0.429631 652
21 0.425606 0.411224 634
22 0.432032 0.421289 663
23 0.421157 0.427885 668
24 0.428571 0.428394 665
25 0.434503 0.436151 677
26 0.45131 0.432531 639
27 0.453287 0.428265 641
28 0.459713 0.445793 650
29 0.458725 0.434075 641
PRECISAO DO ENSEMBLE 0.517548
0 0.352155
1 0.37809
2 0.380651
3 0.344745
4 0.401448
5 0.306187
6 0.350418
7 0.34455
8 0.316195
9 0.308584
10 0.368257
11 0.364775
12 0.324483
13 0.321043
14 0.340498
15 0.325066
16 0.309871
17 0.330725
18 0.357874
19 0.345267
20 0.334516
21 0.321277
22 0.336434
23 0.34143
24 0.332649
25 0.365897
26 0.373052
27 0.364246
28 0.362637
29 0.364095

Geração 8

EXTERNO, INTERNO e N de FEATURES
0 0.468611 0.431262 648
1 0.438458 0.435226 665
2 0.462679 0.433612 659
3 0.439446 0.434235 654
4 0.441918 0.428777 636
5 0.434998 0.421344 643
6 0.421157 0.444592 620
7 0.446367 0.43566 621
8 0.490855 0.44035 649
9 0.439941 0.435787 634
10 0.473554 0.426577 667
11 0.428077 0.426737 654
12 0.450321 0.4229 626
13 0.431537 0.452569 634
14 0.45823 0.43617 660
15 0.464656 0.429119 659
16 0.424123 0.419907 645
17 0.426594 0.428697 648
18 0.455759 0.442445 663
19 0.443401 0.427167 636
20 0.464656 0.431304 678
21 0.423628 0.422332 654
22 0.468117 0.429924 643
23 0.445378 0.433205 658
24 0.462185 0.425016 653
25 0.468611 0.421506 679
26 0.442412 0.419392 646
27 0.432526 0.424896 638
28 0.454276 0.430525 644
29 0.45477 0.425444 634
PRECISAO DO ENSEMBLE 0.528423
0 0.39795
1 0.388968
2 0.355375
3 0.317406
4 0.338031
5 0.353489
6 0.34455
7 0.32636
8 0.332214
9 0.337699
10 0.383638
11 0.312296
12 0.347738
13 0.294442
14 0.393254
15 0.345847
16 0.337278
17 0.33391
18 0.347623
19 0.327136
20 0.370824
21 0.337652
22 0.366465
23 0.388261
24 0.370484
25 0.357107
26 0.34682
27 0.336355
28 0.331876
29 0.350608

Geração 9

EXTERNO, INTERNO e N de FEATURES
0 0.468117 0.430264 627
1 0.477509 0.431697 644
2 0.439941 0.433521 645
3 0.434998 0.436598 637
4 0.467128 0.422539 647
5 0.480475 0.440248 639
6 0.460208 0.439364 616
7 0.464162 0.433627 641
8 0.446861 0.425694 656
9 0.446367 0.427843 651
10 0.472565 0.432903 648
11 0.435492 0.444319 637
12 0.455759 0.430819 656
13 0.430054 0.428143 642
14 0.449333 0.429436 641
15 0.450816 0.429744 664
16 0.442412 0.429019 675
17 0.433515 0.44093 643
18 0.467128 0.439566 659
19 0.440435 0.423785 661
20 0.442412 0.433065 662
21 0.430549 0.434603 601
22 0.443895 0.424259 650
23 0.434503 0.412494 646
24 0.446367 0.420849 652
25 0.438458 0.443198 645
26 0.475037 0.430469 653
27 0.441918 0.418007 650
28 0.443895 0.427585 639
29 0.419674 0.420815 651
PRECISAO DO ENSEMBLE 0.540781
0 0.355302
1 0.364892
2 0.326901
3 0.369679
4 0.350433
5 0.376201
6 0.339153
7 0.338806
8 0.302928
9 0.351649
10 0.376172
11 0.345124
12 0.311239
13 0.356411
14 0.331302
15 0.352269
16 0.361928
17 0.36734
18 0.362872
19 0.345366
20 0.336773
21 0.367752
22 0.32768
23 0.314491
24 0.292632
25 0.35958
26 0.346284
27 0.308603
28 0.330833
29 0.303581

Geração 10

EXTERNO, INTERNO e N de FEATURES
0 0.450816 0.427078 652
1 0.443895 0.426869 642
2 0.424123 0.421933 659
3 0.452793 0.418278 652
4 0.44785 0.418728 642
5 0.433515 0.430456 661
6 0.45477 0.420572 656
7 0.442412 0.434689 661
8 0.430054 0.438885 646
9 0.456747 0.425219 668
10 0.423134 0.420513 657
11 0.442907 0.429993 671
12 0.418685 0.420245 652
13 0.478992 0.447361 635
14 0.452299 0.434275 633
15 0.459713 0.431139 663
16 0.43302 0.430163 659
17 0.438952 0.430285 632
18 0.460702 0.433876 637
19 0.45823 0.433755 659
20 0.453287 0.425637 683
21 0.45477 0.430929 638
22 0.42264 0.431961 673
23 0.443895 0.423805 659
24 0.435986 0.430511 642
25 0.445378 0.424512 661
26 0.408799 0.419135 612
27 0.4261 0.419076 669
28 0.443401 0.421471 665
29 0.430549 0.428713 656
PRECISAO DO ENSEMBLE 0.519031
0 0.335147
1 0.396432
2 0.304318
3 0.315746
4 0.33724
5 0.349485
6 0.351869
7 0.330975
8 0.328677
9 0.328993
10 0.323872
11 0.332659
12 0.315725
13 0.357254
14 0.361855
15 0.327433
16 0.312997
17 0.351366
18 0.314334
19 0.345785
20 0.308571
21 0.358652
22 0.328576
23 0.346903
24 0.342369
25 0.32524
26 0.306257
27 0.340954
28 0.360103
29 0.39804

Geração 11

EXTERNO, INTERNO e N de FEATURES
0 0.453287 0.455476 622
1 0.455759 0.423608 665
2 0.427088 0.431014 654
3 0.461691 0.441516 672
4 0.453287 0.428215 637
5 0.438458 0.413771 660
6 0.459219 0.423535 673
7 0.467128 0.4304 667
8 0.485418 0.432504 640
9 0.442412 0.420121 659
10 0.445378 0.429411 643
11 0.443895 0.419485 656
12 0.438952 0.433719 641
13 0.432032 0.43473 640
14 0.432526 0.431937 638
15 0.44785 0.417964 657
16 0.465151 0.432802 643
17 0.439446 0.422112 662
18 0.4261 0.430379 661
19 0.446861 0.431565 663
20 0.494315 0.440361 658
21 0.436975 0.431225 663
22 0.436975 0.431972 649
23 0.432526 0.42916 659
24 0.438952 0.427322 651
25 0.466634 0.428825 657
26 0.498764 0.447296 623
27 0.435492 0.426062 648
28 0.437963 0.429404 660
29 0.429066 0.416118 647
PRECISAO DO ENSEMBLE 0.520514
0 0.415816
1 0.366169
2 0.355342
3 0.365617
4 0.387319
5 0.303784
6 0.387126
7 0.369778
8 0.329724
9 0.352404
10 0.327001
11 0.334758
12 0.371981
13 0.329973
14 0.362794
15 0.321162
16 0.403072
17 0.344791
18 0.293049
19 0.374293
20 0.350195
21 0.390927
22 0.351297
23 0.351826
24 0.36101
25 0.352651
26 0.3613
27 0.352897
28 0.360421
29 0.331176

Geração 12

EXTERNO, INTERNO e N de FEATURES
0 0.484923 0.437289 648
1 0.448838 0.433745 647
2 0.461196 0.437171 649
3 0.450321 0.43657 664
4 0.452299 0.435 648
5 0.440929 0.424448 657
6 0.432526 0.424617 639
7 0.449827 0.434688 642
8 0.438952 0.426121 640
9 0.431043 0.437004 625
10 0.448838 0.421683 665
11 0.400395 0.435679 647
12 0.449333 0.42602 664
13 0.448838 0.433811 640
14 0.446367 0.428884 644
15 0.450321 0.436077 646
16 0.461196 0.443421 664
17 0.437963 0.431596 659
18 0.443401 0.419819 646
19 0.442412 0.430012 659
20 0.4261 0.419911 666
21 0.430549 0.429248 641
22 0.419674 0.41942 652
23 0.455264 0.42592 658
24 0.450816 0.441842 641
25 0.413248 0.421798 665
26 0.464656 0.43499 665
27 0.441918 0.429679 662
28 0.464162 0.4356 662
29 0.418191 0.427492 635
PRECISAO DO ENSEMBLE 0.512111
0 0.380997
1 0.325654
2 0.413276
3 0.326513
4 0.358584
5 0.317592
6 0.31645
7 0.393446
8 0.366408
9 0.337785
10 0.34932
11 0.351025
12 0.35062
13 0.350174
14 0.362224
15 0.366334
16 0.379617
17 0.346539
18 0.355136
19 0.343889
20 0.328672
21 0.333635
22 0.314431
23 0.346797
24 0.355907
25 0.329269
26 0.417288
27 0.325475
28 0.370299
29 0.329251

Geração 13

EXTERNO, INTERNO e N de FEATURES
0 0.447355 0.438718 671
1 0.45823 0.428955 611
2 0.427583 0.432123 661
3 0.45131 0.430423 655
4 0.438952 0.422767 622
5 0.463668 0.432798 629
6 0.44785 0.430596 638
7 0.448344 0.426399 641
8 0.459713 0.423698 615
9 0.452299 0.424251 657
10 0.425111 0.421991 650
11 0.463668 0.433492 628
12 0.432526 0.431291 647
13 0.437469 0.425295 636
14 0.438952 0.427444 650
15 0.447355 0.421624 642
16 0.446367 0.419197 640
17 0.457736 0.43687 637
18 0.457736 0.437547 658
19 0.435492 0.431135 638
20 0.438458 0.422528 644
21 0.436975 0.438328 622
22 0.437963 0.424662 640
23 0.434009 0.422701 637
24 0.444884 0.428853 624
25 0.446367 0.433143 639
26 0.412753 0.419273 613
27 0.459713 0.429656 639
28 0.40435 0.425254 641
29 0.457242 0.429527 626
PRECISAO DO ENSEMBLE 0.512605
0 0.343518
1 0.348758
2 0.362317
3 0.392379
4 0.349513
5 0.364618
6 0.345096
7 0.326617
8 0.326301
9 0.333441
10 0.355676
11 0.298342
12 0.367273
13 0.311733
14 0.311294
15 0.337785
16 0.342362
17 0.342274
18 0.40793
19 0.349593
20 0.303386
21 0.389281
22 0.349116
23 0.307299
24 0.325978
25 0.329856
26 0.360345
27 0.386616
28 0.345867
29 0.317146

Geração 14

EXTERNO, INTERNO e N de FEATURES
0 0.471577 0.429802 641
1 0.462185 0.423033 687
2 0.47306 0.443439 632
3 0.45477 0.419484 663
4 0.445872 0.432683 619
5 0.450816 0.422363 641
6 0.467622 0.435429 652
7 0.449333 0.42491 642
8 0.447355 0.423148 635
9 0.45131 0.426106 632
10 0.450816 0.448986 625
11 0.471577 0.436081 653
12 0.473554 0.440465 659
13 0.461196 0.426579 656
14 0.456253 0.430603 627
15 0.440929 0.425094 651
16 0.421157 0.42193 617
17 0.463174 0.427741 659
18 0.460208 0.421621 661
19 0.442907 0.43124 613
20 0.442412 0.430176 640
21 0.448838 0.429007 624
22 0.477509 0.42481 638
23 0.461196 0.415314 672
24 0.47998 0.43011 638
25 0.482452 0.431165 657
26 0.443895 0.42525 632
27 0.460702 0.42644 620
28 0.463668 0.43029 647
29 0.465151 0.426383 643
PRECISAO DO ENSEMBLE 0.536332
0 0.349018
1 0.321907
2 0.362504
3 0.309364
4 0.323627
5 0.321637
6 0.352871
7 0.357839
8 0.322489
9 0.330362
10 0.35017
11 0.371507
12 0.390414
13 0.370539
14 0.352321
15 0.304255
16 0.286818
17 0.315431
18 0.337821
19 0.332235
20 0.326704
21 0.331923
22 0.315294
23 0.352023
24 0.367982
25 0.342006
26 0.308746
27 0.369313
28 0.357178
29 0.305007

Geração 15

EXTERNO, INTERNO e N de FEATURES
0 0.452299 0.444215 647
1 0.402867 0.415914 663
2 0.498764 0.431978 647
3 0.462679 0.445396 644
4 0.493821 0.424717 628
5 0.45823 0.431104 662
6 0.455264 0.424739 667
7 0.434998 0.41835 655
8 0.467128 0.423969 648
9 0.429066 0.436955 695
10 0.441918 0.427554 631
11 0.45131 0.425491 649
12 0.465151 0.450714 629
13 0.466634 0.432939 609
14 0.456747 0.428003 619
15 0.452793 0.437422 650
16 0.467128 0.432927 640
17 0.461691 0.439461 668
18 0.443401 0.433429 655
19 0.487395 0.437448 675
20 0.453782 0.431301 629
21 0.441424 0.445225 625
22 0.452793 0.430004 637
23 0.44439 0.434713 632
24 0.437963 0.438168 654
25 0.440435 0.420977 640
26 0.4261 0.416958 640
27 0.445872 0.453899 644
28 0.450816 0.419518 637
29 0.454276 0.430137 651
PRECISAO DO ENSEMBLE 0.510133
0 0.370447
1 0.315509
2 0.381264
3 0.365679
4 0.298395
5 0.321216
6 0.324351
7 0.288858
8 0.354614
9 0.363828
10 0.338067
11 0.369497
12 0.373175
13 0.333064
14 0.368489
15 0.32682
16 0.357264
17 0.338692
18 0.367754
19 0.385448
20 0.348659
21 0.37488
22 0.334647
23 0.29136
24 0.309227
25 0.351813
26 0.314795
27 0.359811
28 0.372022
29 0.360227

Geração 16

EXTERNO, INTERNO e N de FEATURES
0 0.475531 0.427007 651
1 0.459713 0.430747 655
2 0.42956 0.424317 662
3 0.442907 0.427878 640
4 0.421157 0.426822 661
5 0.45477 0.425198 642
6 0.459713 0.421815 663
7 0.45823 0.431097 661
8 0.432032 0.454856 608
9 0.476026 0.434501 668
10 0.473554 0.440446 655
11 0.437963 0.432154 621
12 0.432032 0.426497 681
13 0.434998 0.426255 680
14 0.438952 0.431477 646
15 0.457242 0.435891 629
16 0.431043 0.428394 667
17 0.468611 0.425113 660
18 0.452299 0.435422 662
19 0.468611 0.430973 668
20 0.464162 0.436269 661
21 0.472565 0.436993 671
22 0.481463 0.423564 665
23 0.447355 0.426576 643
24 0.449827 0.434331 649
25 0.432032 0.429005 655
26 0.448838 0.424488 659
27 0.457242 0.437441 661
28 0.45823 0.434739 655
29 0.45823 0.431602 667
PRECISAO DO ENSEMBLE 0.522986
0 0.32914
1 0.366062
2 0.346167
3 0.330928
4 0.355255
5 0.359079
6 0.366396
7 0.328963
8 0.325513
9 0.378634
10 0.389532
11 0.349476
12 0.356172
13 0.343739
14 0.350499
15 0.351243
16 0.353808
17 0.375809
18 0.363915
19 0.358436
20 0.35478
21 0.378819
22 0.394133
23 0.356232
24 0.348774
25 0.345301
26 0.337226
27 0.362841
28 0.355069
29 0.393264

Geração 17

EXTERNO, INTERNO e N de FEATURES
0 0.442412 0.432007 666
1 0.462185 0.435997 646
2 0.448838 0.423209 655
3 0.470588 0.439781 662
4 0.464162 0.42782 668
5 0.45823 0.4199 670
6 0.462185 0.43321 660
7 0.438458 0.435869 658
8 0.462185 0.418713 634
9 0.477509 0.426125 662
10 0.471577 0.432534 640
11 0.45131 0.421155 670
12 0.461691 0.440204 662
13 0.460702 0.427526 674
14 0.447355 0.43252 649
15 0.451804 0.415557 653
16 0.478992 0.420902 648
17 0.464162 0.424835 692
18 0.458725 0.424738 646
19 0.467128 0.421072 682
20 0.445378 0.410956 695
21 0.459219 0.440164 674
22 0.485418 0.432969 673
23 0.4696 0.433202 656
24 0.463174 0.420811 661
25 0.471083 0.434297 657
26 0.491349 0.431276 658
27 0.466634 0.431449 673
28 0.443895 0.439942 624
29 0.469105 0.428704 650
PRECISAO DO ENSEMBLE 0.542758
0 0.351134
1 0.346438
2 0.32432
3 0.368413
4 0.332801
5 0.318778
6 0.311152
7 0.343675
8 0.326447
9 0.354399
10 0.319222
11 0.34312
12 0.381411
13 0.350412
14 0.362935
15 0.327986
16 0.347922
17 0.352751
18 0.349846
19 0.326368
20 0.342944
21 0.369001
22 0.377628
23 0.344733
24 0.359123
25 0.37908
26 0.360392
27 0.335555
28 0.372195
29 0.329534

Geração 18

EXTERNO, INTERNO e N de FEATURES
0 0.448344 0.438066 641
1 0.478003 0.433014 666
2 0.488878 0.42543 663
3 0.471577 0.426869 673
4 0.44785 0.42554 666
5 0.479486 0.436592 658
6 0.468117 0.437044 655
7 0.461196 0.429612 666
8 0.444884 0.421478 633
9 0.442412 0.415458 637
10 0.47652 0.436703 643
11 0.44785 0.433917 652
12 0.463668 0.423466 667
13 0.465151 0.436783 655
14 0.421157 0.420641 639
15 0.45131 0.422611 658
16 0.498764 0.41978 640
17 0.464162 0.434048 669
18 0.455264 0.425205 657
19 0.450321 0.426931 665
20 0.468117 0.417369 657
21 0.457736 0.443636 640
22 0.442412 0.421445 671
23 0.496293 0.432881 661
24 0.470094 0.432513 644
25 0.47652 0.426284 648
26 0.442907 0.420499 633
27 0.430054 0.43624 663
28 0.469105 0.428623 648
29 0.44439 0.42452 645
PRECISAO DO ENSEMBLE 0.556599
0 0.354295
1 0.329783
2 0.352303
3 0.391857
4 0.339611
5 0.358514
6 0.345585
7 0.351148
8 0.306899
9 0.319752
10 0.358352
11 0.355478
12 0.359482
13 0.39304
14 0.320763
15 0.358158
16 0.317139
17 0.378854
18 0.317158
19 0.340025
20 0.36553
21 0.330083
22 0.306617
23 0.377816
24 0.369885
25 0.354808
26 0.308031
27 0.291395
28 0.341158
29 0.325521

Geração 19

EXTERNO, INTERNO e N de FEATURES
0 0.459219 0.429383 628
1 0.464162 0.431966 659
2 0.452793 0.441662 640
3 0.430054 0.42174 664
4 0.442907 0.438556 635
5 0.468611 0.428735 643
6 0.446861 0.423154 643
7 0.450321 0.430144 657
8 0.449333 0.437652 647
9 0.479486 0.448221 655
10 0.450321 0.422421 639
11 0.461691 0.433817 642
12 0.448838 0.421563 646
13 0.466634 0.442662 647
14 0.47306 0.441387 654
15 0.456747 0.427285 661
16 0.470094 0.432005 627
17 0.446367 0.441412 656
18 0.470094 0.429522 659
19 0.454276 0.420353 666
20 0.452793 0.443389 660
21 0.457242 0.433163 634
22 0.446861 0.411137 660
23 0.431537 0.425826 635
24 0.455759 0.435991 648
25 0.462679 0.446567 669
26 0.474543 0.439309 644
27 0.423134 0.429091 640
28 0.449827 0.432737 643
29 0.461691 0.433998 632
PRECISAO DO ENSEMBLE 0.535344
0 0.334948
1 0.344085
2 0.360699
3 0.334978
4 0.365534
5 0.337284
6 0.335435
7 0.349337
8 0.365768
9 0.37818
10 0.373422
11 0.338738
12 0.34484
13 0.377552
14 0.322266
15 0.36271
16 0.378008
17 0.319231
18 0.370774
19 0.390034
20 0.378968
21 0.358788
22 0.310953
23 0.309651
24 0.352905
25 0.379714
26 0.390013
27 0.307051
28 0.308698
29 0.32663

Geração 20

EXTERNO, INTERNO e N de FEATURES
0 0.435492 0.425339 650
1 0.451804 0.437634 652
2 0.434503 0.420484 668
3 0.452299 0.416657 659
4 0.470094 0.422006 640
5 0.438458 0.430509 638
6 0.467622 0.437823 640
7 0.445378 0.44409 644
8 0.481463 0.432352 651
9 0.427583 0.433947 623
10 0.452299 0.442945 627
11 0.462679 0.429415 641
12 0.449333 0.438904 617
13 0.444884 0.427244 638
14 0.456747 0.431383 634
15 0.415719 0.431393 628
16 0.460702 0.443915 618
17 0.461196 0.418512 653
18 0.443401 0.439056 650
19 0.452793 0.426567 639
20 0.451804 0.426245 640
21 0.455759 0.441489 617
22 0.474048 0.43961 639
23 0.464656 0.429905 651
24 0.446367 0.438534 644
25 0.440435 0.418143 638
26 0.414731 0.423935 619
27 0.470094 0.43799 639
28 0.430549 0.417344 634
29 0.45477 0.431781 619
PRECISAO DO ENSEMBLE 0.513594
0 0.336478
1 0.353555
2 0.334152
3 0.34493
4 0.297099
5 0.342346
6 0.373957
7 0.289158
8 0.341383
9 0.342411
10 0.330627
11 0.338558
12 0.343224
13 0.344355
14 0.3659
15 0.273319
16 0.322788
17 0.36358
18 0.341695
19 0.308364
20 0.348767
21 0.348102
22 0.378466
23 0.374813
24 0.333035
25 0.316352
26 0.307035
27 0.308038
28 0.320796
29 0.367536

Geração 21

EXTERNO, INTERNO e N de FEATURES
0 0.473554 0.447176 641
1 0.465151 0.427672 638
2 0.445872 0.425483 648
3 0.452793 0.433467 600
4 0.477014 0.427112 636
5 0.435492 0.429603 646
6 0.44439 0.441247 627
7 0.442412 0.426052 641
8 0.437963 0.436574 640
9 0.434998 0.434844 636
10 0.463174 0.425263 636
11 0.462679 0.433402 635
12 0.435492 0.438286 661
13 0.452299 0.421992 654
14 0.451804 0.422904 643
15 0.435986 0.423215 607
16 0.446367 0.422093 646
17 0.439446 0.426398 605
18 0.460702 0.428978 636
19 0.483935 0.421327 632
20 0.425606 0.42884 605
21 0.438458 0.432183 649
22 0.427088 0.423738 634
23 0.444884 0.428539 633
24 0.441918 0.430184 628
25 0.426594 0.440375 648
26 0.452793 0.417722 623
27 0.448838 0.423088 626
28 0.445872 0.440547 615
29 0.426594 0.417371 637
PRECISAO DO ENSEMBLE 0.501236
0 0.34814
1 0.357013
2 0.341298
3 0.355809
4 0.349664
5 0.36153
6 0.35907
7 0.36592
8 0.338608
9 0.35068
10 0.320771
11 0.36046
12 0.34295
13 0.314943
14 0.343589
15 0.309477
16 0.322901
17 0.2821
18 0.345353
19 0.329625
20 0.327862
21 0.340809
22 0.292631
23 0.310378
24 0.355473
25 0.330201
26 0.335744
27 0.332397
28 0.321922
29 0.331279

Geração 22

EXTERNO, INTERNO e N de FEATURES
0 0.478497 0.425827 658
1 0.471577 0.421361 675
2 0.456747 0.432372 653
3 0.416708 0.417093 650
4 0.449827 0.436032 642
5 0.467128 0.435638 632
6 0.446367 0.443427 647
7 0.465645 0.420368 612
8 0.448838 0.44074 621
9 0.442412 0.437362 649
10 0.438458 0.422082 645
11 0.471577 0.431423 633
12 0.456253 0.440109 646
13 0.42956 0.428177 621
14 0.450816 0.422093 623
15 0.431043 0.425517 643
16 0.45823 0.434097 661
17 0.475037 0.423252 673
18 0.475037 0.423747 673
19 0.439446 0.423284 633
20 0.455264 0.432583 627
21 0.464656 0.425874 644
22 0.442412 0.424946 643
23 0.466634 0.431682 658
24 0.474048 0.431902 671
25 0.467128 0.427205 626
26 0.480475 0.437417 656
27 0.500247 0.434853 649
28 0.443895 0.420191 636
29 0.475531 0.435844 620
PRECISAO DO ENSEMBLE 0.507662
0 0.344526
1 0.330987
2 0.349804
3 0.272267
4 0.353346
5 0.360839
6 0.338779
7 0.351652
8 0.356828
9 0.323626
10 0.353232
11 0.349816
12 0.35443
13 0.287337
14 0.288516
15 0.326591
16 0.35566
17 0.333507
18 0.329205
19 0.362124
20 0.330319
21 0.360662
22 0.365257
23 0.373171
24 0.358391
25 0.317523
26 0.32168
27 0.370883
28 0.31785
29 0.358194

Geração 23

EXTERNO, INTERNO e N de FEATURES
0 0.458725 0.432843 613
1 0.45131 0.414905 622
2 0.442412 0.428467 649
3 0.438458 0.429588 624
4 0.431043 0.423248 621
5 0.431537 0.429328 628
6 0.455759 0.441733 628
7 0.42956 0.429152 628
8 0.457242 0.432153 629
9 0.439941 0.429492 627
10 0.443401 0.426568 627
11 0.472071 0.435148 650
12 0.456747 0.439406 630
13 0.476026 0.430725 643
14 0.452793 0.426025 628
15 0.43648 0.435844 620
16 0.440435 0.428074 628
17 0.446367 0.418156 610
18 0.478497 0.434734 624
19 0.449827 0.426232 629
20 0.464656 0.423666 647
21 0.441424 0.418458 616
22 0.443895 0.424187 646
23 0.456253 0.424997 638
24 0.510133 0.433345 659
25 0.453782 0.431676 621
26 0.463668 0.433857 629
27 0.462679 0.438314 644
28 0.44785 0.439587 628
29 0.450816 0.429372 647
PRECISAO DO ENSEMBLE 0.543747
0 0.332163
1 0.32476
2 0.349012
3 0.353073
4 0.315718
5 0.369209
6 0.375404
7 0.345654
8 0.390321
9 0.293124
10 0.362428
11 0.384627
12 0.333952
13 0.364508
14 0.314905
15 0.369069
16 0.352755
17 0.349015
18 0.316327
19 0.309213
20 0.391697
21 0.308392
22 0.39959
23 0.360821
24 0.371739
25 0.374231
26 0.365532
27 0.359479
28 0.399774
29 0.337298

Geração 24

EXTERNO, INTERNO e N de FEATURES
0 0.443401 0.42458 650
1 0.437963 0.420822 628
2 0.474543 0.439944 670
3 0.467128 0.425453 635
4 0.466634 0.415845 637
5 0.464656 0.427221 640
6 0.45823 0.427516 657
7 0.446367 0.425396 634
8 0.454276 0.423785 672
9 0.444884 0.431406 651
10 0.468611 0.445269 651
11 0.454276 0.418508 654
12 0.44785 0.426165 631
13 0.439446 0.434858 653
14 0.44785 0.428751 638
15 0.43302 0.421091 633
16 0.467622 0.431953 635
17 0.44439 0.431181 639
18 0.445378 0.429789 671
19 0.463174 0.427161 637
20 0.456747 0.445563 663
21 0.435492 0.429826 647
22 0.462679 0.430928 653
23 0.443401 0.421362 641
24 0.437469 0.42564 653
25 0.448344 0.427339 648
26 0.459713 0.433703 677
27 0.463174 0.422806 664
28 0.468117 0.421158 662
29 0.460208 0.432942 654
PRECISAO DO ENSEMBLE 0.519525
0 0.344008
1 0.303487
2 0.369317
3 0.339312
4 0.372476
5 0.344032
6 0.375083
7 0.349699
8 0.373144
9 0.34439
10 0.386142
11 0.356687
12 0.362104
13 0.357442
14 0.332958
15 0.325515
16 0.406981
17 0.364117
18 0.4438
19 0.320416
20 0.393635
21 0.359198
22 0.407248
23 0.359134
24 0.33752
25 0.367141
26 0.313987
27 0.359407
28 0.381398
29 0.357267

Geração 25

EXTERNO, INTERNO e N de FEATURES
0 0.457736 0.433334 650
1 0.461196 0.432382 684
2 0.474048 0.432389 650
3 0.455264 0.422036 658
4 0.423134 0.422508 643
5 0.465151 0.435291 664
6 0.445378 0.425955 650
7 0.470094 0.44907 649
8 0.44439 0.436917 643
9 0.457736 0.442621 631
10 0.435986 0.434297 646
11 0.457736 0.437978 621
12 0.405339 0.416777 657
13 0.470094 0.434092 637
14 0.440929 0.43593 639
15 0.471577 0.433741 644
16 0.450816 0.426895 685
17 0.486406 0.430064 661
18 0.423628 0.429791 655
19 0.465645 0.447758 647
20 0.472071 0.434098 669
21 0.448344 0.42125 661
22 0.456747 0.4318 654
23 0.439941 0.419294 639
24 0.455759 0.443289 634
25 0.438458 0.429971 652
26 0.474543 0.427333 654
27 0.437963 0.427861 643
28 0.421651 0.422791 648
29 0.44439 0.439581 661
PRECISAO DO ENSEMBLE 0.515077
0 0.368085
1 0.395349
2 0.408509
3 0.34194
4 0.334938
5 0.360225
6 0.362151
7 0.428624
8 0.356449
9 0.343228
10 0.326619
11 0.386464
12 0.33602
13 0.364575
14 0.383034
15 0.386937
16 0.354202
17 0.387425
18 0.341901
19 0.389918
20 0.416499
21 0.349002
22 0.358064
23 0.345255
24 0.354318
25 0.340427
26 0.419067
27 0.389603
28 0.316711
29 0.36804

Geração 26

EXTERNO, INTERNO e N de FEATURES
0 0.464656 0.436676 666
1 0.488878 0.441996 657
2 0.45131 0.427207 657
3 0.461691 0.431596 654
4 0.476026 0.433326 666
5 0.452299 0.424361 675
6 0.441918 0.427601 648
7 0.455759 0.42208 687
8 0.437963 0.431584 658
9 0.446861 0.427963 653
10 0.47998 0.426459 678
11 0.435492 0.423721 665
12 0.484923 0.429808 660
13 0.441918 0.442032 668
14 0.419674 0.422533 672
15 0.467622 0.427872 682
16 0.472071 0.451556 645
17 0.445378 0.436285 658
18 0.45131 0.421087 670
19 0.464162 0.432289 633
20 0.455759 0.430107 665
21 0.439446 0.423052 650
22 0.475531 0.434178 678
23 0.459219 0.429763 671
24 0.440929 0.423792 668
25 0.453782 0.438037 673
26 0.421157 0.415954 672
27 0.503213 0.428691 668
28 0.460208 0.426096 637
29 0.45131 0.426268 678
PRECISAO DO ENSEMBLE 0.517548
0 0.411897
1 0.421674
2 0.35265
3 0.380915
4 0.40994
5 0.352127
6 0.343939
7 0.355757
8 0.364582
9 0.372472
10 0.409969
11 0.300372
12 0.377439
13 0.344985
14 0.31815
15 0.389185
16 0.404564
17 0.345675
18 0.348754
19 0.360641
20 0.361978
21 0.370131
22 0.361677
23 0.330491
24 0.358491
25 0.390452
26 0.354143
27 0.364905
28 0.344212
29 0.369436

Geração 27

EXTERNO, INTERNO e N de FEATURES
0 0.429066 0.422752 662
1 0.438952 0.42555 678
2 0.418685 0.422439 687
3 0.431043 0.414834 690
4 0.455264 0.443665 669
5 0.429066 0.424451 651
6 0.465151 0.42222 654
7 0.45477 0.427691 670
8 0.431043 0.420245 666
9 0.420662 0.425386 671
10 0.432526 0.417405 690
11 0.471577 0.436094 682
12 0.452299 0.429948 660
13 0.419179 0.429596 669
14 0.427583 0.426651 676
15 0.461691 0.419836 665
16 0.427088 0.429615 640
17 0.456747 0.430168 698
18 0.453287 0.417923 670
19 0.433515 0.421411 676
20 0.4696 0.423773 682
21 0.443895 0.436895 674
22 0.467128 0.43004 651
23 0.442412 0.425679 680
24 0.430054 0.418124 689
25 0.478992 0.431771 679
26 0.448344 0.427133 680
27 0.40435 0.42225 667
28 0.478497 0.438404 635
29 0.427583 0.418101 676
PRECISAO DO ENSEMBLE 0.495798
0 0.365432
1 0.353051
2 0.352133
3 0.331562
4 0.362037
5 0.340523
6 0.312888
7 0.317025
8 0.28542
9 0.343439
10 0.373084
11 0.38801
12 0.343909
13 0.31473
14 0.380501
15 0.341729
16 0.378956
17 0.363334
18 0.344662
19 0.368527
20 0.361465
21 0.400097
22 0.349861
23 0.328703
24 0.340688
25 0.377597
26 0.346196
27 0.337346
28 0.359485
29 0.342748

Geração 28

EXTERNO, INTERNO e N de FEATURES
0 0.456253 0.43449 672
1 0.443401 0.424876 676
2 0.452793 0.42391 691
3 0.469105 0.425661 692
4 0.475037 0.421093 684
5 0.432032 0.421968 675
6 0.461196 0.430614 662
7 0.421157 0.444019 675
8 0.455759 0.423802 680
9 0.465151 0.429403 646
10 0.428571 0.414654 658
11 0.471577 0.435714 667
12 0.452793 0.419258 652
13 0.460208 0.430766 644
14 0.443895 0.417681 692
15 0.449827 0.421182 670
16 0.47652 0.432443 660
17 0.445378 0.42416 664
18 0.449827 0.426683 682
19 0.488384 0.431722 676
20 0.453287 0.419335 683
21 0.463174 0.426447 671
22 0.443401 0.424723 684
23 0.441918 0.436766 634
24 0.445872 0.426235 686
25 0.440435 0.421187 673
26 0.446367 0.420752 655
27 0.462185 0.422041 682
28 0.440435 0.417725 685
29 0.45823 0.420243 662
PRECISAO DO ENSEMBLE 0.536332
0 0.35917
1 0.374683
2 0.328732
3 0.33329
4 0.365509
5 0.367907
6 0.387754
7 0.389311
8 0.307338
9 0.381492
10 0.366163
11 0.371639
12 0.355033
13 0.437928
14 0.323817
15 0.356824
16 0.364264
17 0.337206
18 0.383484
19 0.384061
20 0.380937
21 0.393724
22 0.332686
23 0.356233
24 0.333193
25 0.3849
26 0.350232
27 0.342709
28 0.371274
29 0.351428

Geração 29

EXTERNO, INTERNO e N de FEATURES
0 0.445378 0.430801 648
1 0.444884 0.432053 675
2 0.465645 0.443933 659
3 0.427088 0.421276 636
4 0.439941 0.419425 662
5 0.429066 0.416409 655
6 0.454276 0.418553 671
7 0.471083 0.428104 665
8 0.457242 0.43722 657
9 0.450816 0.430835 663
10 0.452793 0.413068 660
11 0.480475 0.433426 681
12 0.452793 0.425859 666
13 0.440435 0.432763 652
14 0.437963 0.435595 655
15 0.471577 0.435853 678
16 0.446367 0.420918 642
17 0.448838 0.418556 653
18 0.478497 0.428161 694
19 0.467622 0.428258 634
20 0.460208 0.429477 665
21 0.446367 0.435652 689
22 0.441918 0.411915 654
23 0.437469 0.416656 679
24 0.458725 0.431858 672
25 0.460702 0.427054 658
26 0.444884 0.434603 679
27 0.453782 0.436101 667
28 0.451804 0.435351 657
29 0.449333 0.427545 644
PRECISAO DO ENSEMBLE 0.529906
0 0.346011
1 0.374649
2 0.34634
3 0.340763
4 0.334752
5 0.33989
6 0.350353
7 0.411903
8 0.3459
9 0.375659
10 0.336837
11 0.364972
12 0.382328
13 0.358322
14 0.312566
15 0.349803
16 0.324582
17 0.350137
18 0.366285
19 0.382425
20 0.382474
21 0.39164
22 0.347856
23 0.360069
24 0.325739
25 0.352046
26 0.358437
27 0.326083
28 0.379019
29 0.340996

Geração 30

EXTERNO, INTERNO e N de FEATURES
0 0.45477 0.425655 646
1 0.410282 0.43093 656
2 0.466139 0.43916 660
3 0.466634 0.436934 646
4 0.464656 0.428927 644
5 0.464656 0.430664 616
6 0.475531 0.431588 650
7 0.417202 0.421597 649
8 0.40781 0.424166 619
9 0.442412 0.422963 653
10 0.451804 0.415871 659
11 0.430549 0.418418 658
12 0.439446 0.422743 611
13 0.405339 0.424117 636
14 0.461691 0.422896 654
15 0.468611 0.417855 661
16 0.435986 0.418065 639
17 0.442907 0.42937 620
18 0.423134 0.423201 645
19 0.442907 0.436285 647
20 0.443401 0.426032 655
21 0.470588 0.432234 642
22 0.445872 0.428221 639
23 0.443895 0.438991 642
24 0.463174 0.429451 642
25 0.441918 0.423633 635
26 0.444884 0.418285 642
27 0.441918 0.424791 643
28 0.463174 0.453796 654
29 0.414236 0.427952 637
PRECISAO DO ENSEMBLE 0.493821
0 0.379548
1 0.352986
2 0.382855
3 0.408819
4 0.385904
5 0.341032
6 0.330591
7 0.357074
8 0.299156
9 0.348776
10 0.33697
11 0.336724
12 0.311699
13 0.342078
14 0.361014
15 0.341418
16 0.375668
17 0.349332
18 0.307186
19 0.348453
20 0.320443
21 0.331658
22 0.339916
23 0.375742
24 0.379506
25 0.320357
26 0.308356
27 0.334375
28 0.380999
29 0.339704

Geração 31

EXTERNO, INTERNO e N de FEATURES
0 0.437963 0.42057 666
1 0.444884 0.423493 636
2 0.450816 0.422792 656
3 0.446861 0.440978 636
4 0.450321 0.44629 632
5 0.413248 0.435753 660
6 0.424123 0.423957 655
7 0.43648 0.42619 659
8 0.440929 0.424801 657
9 0.449827 0.434052 642
10 0.441918 0.440766 639
11 0.481463 0.421433 657
12 0.439446 0.418764 632
13 0.427583 0.425959 652
14 0.438458 0.427204 633
15 0.477014 0.432841 647
16 0.421157 0.4216 641
17 0.456253 0.424869 655
18 0.431043 0.437469 651
19 0.424617 0.410687 632
20 0.434998 0.428211 676
21 0.436975 0.419946 638
22 0.443401 0.432562 652
23 0.453287 0.424034 630
24 0.465151 0.43345 648
25 0.437469 0.424194 630
26 0.419179 0.414216 619
27 0.451804 0.438981 641
28 0.43648 0.425536 651
29 0.424123 0.424629 649
PRECISAO DO ENSEMBLE 0.517054
0 0.33347
1 0.295988
2 0.318691
3 0.331903
4 0.332977
5 0.362786
6 0.32307
7 0.315408
8 0.340174
9 0.333139
10 0.35025
11 0.335525
12 0.310253
13 0.294684
14 0.34693
15 0.391112
16 0.28717
17 0.320273
18 0.335712
19 0.314825
20 0.317369
21 0.346416
22 0.313401
23 0.356853
24 0.368279
25 0.375567
26 0.336397
27 0.36255
28 0.315255
29 0.342218

Geração 32

EXTERNO, INTERNO e N de FEATURES
0 0.437963 0.417006 637
1 0.42264 0.423444 656
2 0.435986 0.425888 661
3 0.469105 0.43094 651
4 0.429066 0.439171 653
5 0.445378 0.429755 660
6 0.437469 0.435734 656
7 0.417696 0.414585 634
8 0.443895 0.441366 658
9 0.443401 0.425149 649
10 0.440929 0.439384 626
11 0.451804 0.442622 642
12 0.44785 0.440804 648
13 0.451804 0.426414 650
14 0.471577 0.434402 670
15 0.466139 0.436334 678
16 0.442907 0.422226 626
17 0.456253 0.416123 633
18 0.439941 0.420979 653
19 0.469105 0.432177 631
20 0.461691 0.434536 688
21 0.424123 0.428857 650
22 0.464162 0.43809 657
23 0.427088 0.42664 653
24 0.461196 0.420632 663
25 0.446367 0.440372 650
26 0.446861 0.445527 638
27 0.45477 0.425663 657
28 0.456253 0.431969 668
29 0.443401 0.430611 660
PRECISAO DO ENSEMBLE 0.525952
0 0.333576
1 0.349431
2 0.319037
3 0.340907
4 0.34375
5 0.335669
6 0.337008
7 0.300576
8 0.325474
9 0.345575
10 0.334741
11 0.351562
12 0.35453
13 0.325762
14 0.312219
15 0.366445
16 0.336745
17 0.339203
18 0.352868
19 0.336804
20 0.38166
21 0.303123
22 0.366297
23 0.35084
24 0.348373
25 0.369608
26 0.310875
27 0.363787
28 0.383647
29 0.340222

Geração 33

EXTERNO, INTERNO e N de FEATURES
0 0.439941 0.437179 665
1 0.458725 0.42264 652
2 0.446861 0.427303 650
3 0.443895 0.427931 639
4 0.452299 0.433124 664
5 0.462679 0.42756 656
6 0.475531 0.425264 649
7 0.471083 0.412084 676
8 0.455759 0.432081 663
9 0.449827 0.442361 674
10 0.459219 0.422982 659
11 0.445378 0.419831 670
12 0.435492 0.429127 644
13 0.44439 0.441921 655
14 0.431043 0.419001 634
15 0.463668 0.451804 664
16 0.455264 0.426385 655
17 0.438458 0.427903 655
18 0.449333 0.430337 626
19 0.455264 0.441358 647
20 0.434009 0.424538 649
21 0.439941 0.443281 666
22 0.473554 0.434126 673
23 0.427088 0.425074 651
24 0.463174 0.434429 652
25 0.475531 0.436119 647
26 0.451804 0.423902 655
27 0.426594 0.43225 650
28 0.446861 0.428602 655
29 0.430549 0.416117 636
PRECISAO DO ENSEMBLE 0.537815
0 0.365881
1 0.362632
2 0.31409
3 0.337344
4 0.334253
5 0.35329
6 0.353232
7 0.328353
8 0.303909
9 0.348101
10 0.384184
11 0.300915
12 0.342491
13 0.343779
14 0.320831
15 0.344042
16 0.365901
17 0.334097
18 0.310952
19 0.36106
20 0.325839
21 0.318297
22 0.352015
23 0.317575
24 0.384063
25 0.37026
26 0.323951
27 0.331427
28 0.310434
29 0.349397

Geração 34

EXTERNO, INTERNO e N de FEATURES
0 0.420168 0.422415 649
1 0.449827 0.435783 645
2 0.458725 0.421021 674
3 0.462185 0.428909 666
4 0.434009 0.428652 622
5 0.440435 0.419269 653
6 0.446367 0.432701 627
7 0.419674 0.425627 629
8 0.453782 0.415961 666
9 0.439941 0.410285 613
10 0.453782 0.43781 647
11 0.448838 0.428359 619
12 0.459713 0.43172 649
13 0.473554 0.425535 635
14 0.453287 0.426292 658
15 0.448344 0.427492 628
16 0.455759 0.425214 629
17 0.434503 0.425924 652
18 0.421157 0.427039 650
19 0.43648 0.428128 643
20 0.457242 0.433399 627
21 0.441918 0.415782 613
22 0.435986 0.418128 662
23 0.423134 0.429626 626
24 0.445378 0.425378 659
25 0.448344 0.431107 653
26 0.437963 0.426241 634
27 0.465645 0.417349 655
28 0.425606 0.430177 634
29 0.449827 0.427964 640
PRECISAO DO ENSEMBLE 0.524469
0 0.319984
1 0.341374
2 0.32059
3 0.349685
4 0.331347
5 0.294428
6 0.365781
7 0.341655
8 0.335772
9 0.312415
10 0.356352
11 0.327333
12 0.337378
13 0.350791
14 0.376288
15 0.328461
16 0.34693
17 0.325357
18 0.340155
19 0.365949
20 0.32623
21 0.351845
22 0.323502
23 0.304351
24 0.373213
25 0.349673
26 0.343061
27 0.309524
28 0.338478
29 0.355503

Geração 35

EXTERNO, INTERNO e N de FEATURES
0 0.448344 0.422169 663
1 0.463174 0.44436 625
2 0.453287 0.422807 648
3 0.467128 0.427703 647
4 0.435492 0.418995 643
5 0.472071 0.437138 646
6 0.451804 0.435604 658
7 0.482946 0.440975 644
8 0.453287 0.429403 660
9 0.456747 0.431451 652
10 0.43302 0.421934 660
11 0.443895 0.425577 629
12 0.444884 0.427781 636
13 0.462679 0.43861 630
14 0.455264 0.427954 638
15 0.470094 0.425125 657
16 0.456747 0.42626 648
17 0.457736 0.428542 638
18 0.464162 0.425683 641
19 0.43648 0.420608 624
20 0.457242 0.425871 644
21 0.448344 0.445421 645
22 0.450816 0.435991 636
23 0.453287 0.442381 643
24 0.467128 0.422947 619
25 0.445872 0.424783 639
26 0.446367 0.424127 662
27 0.452299 0.430882 642
28 0.443401 0.419971 678
29 0.45131 0.42652 641
PRECISAO DO ENSEMBLE 0.52348
0 0.362289
1 0.334783
2 0.343414
3 0.374531
4 0.315615
5 0.36499
6 0.365981
7 0.380136
8 0.341263
9 0.346055
10 0.321407
11 0.344374
12 0.373687
13 0.32985
14 0.372225
15 0.33709
16 0.331521
17 0.347603
18 0.368172
19 0.354013
20 0.329176
21 0.330815
22 0.37385
23 0.330446
24 0.363931
25 0.323691
26 0.344503
27 0.340082
28 0.316114
29 0.381268

Geração 36

EXTERNO, INTERNO e N de FEATURES
0 0.447355 0.429965 667
1 0.44439 0.428026 636
2 0.478497 0.430897 653
3 0.451804 0.434633 656
4 0.482946 0.42426 658
5 0.464656 0.435077 662
6 0.4696 0.443808 635
7 0.463174 0.427579 657
8 0.453287 0.429307 658
9 0.461196 0.434387 636
10 0.43648 0.425435 641
11 0.446367 0.433338 624
12 0.477509 0.432891 665
13 0.42264 0.428914 682
14 0.478003 0.42197 674
15 0.457736 0.440536 626
16 0.43648 0.42713 653
17 0.468117 0.43993 630
18 0.443895 0.431682 638
19 0.465645 0.430192 639
20 0.439446 0.413913 651
21 0.457736 0.42413 638
22 0.4696 0.421572 666
23 0.457242 0.424282 659
24 0.474543 0.440209 625
25 0.445378 0.424668 640
26 0.466634 0.430159 640
27 0.476026 0.432723 625
28 0.44439 0.432098 645
29 0.465151 0.418797 632
PRECISAO DO ENSEMBLE 0.541275
0 0.364232
1 0.336673
2 0.406085
3 0.361812
4 0.343204
5 0.320904
6 0.35318
7 0.360756
8 0.378677
9 0.357162
10 0.343186
11 0.343021
12 0.353224
13 0.32346
14 0.346761
15 0.338951
16 0.339681
17 0.375059
18 0.34596
19 0.333628
20 0.355378
21 0.316944
22 0.366653
23 0.318014
24 0.376524
25 0.361156
26 0.337288
27 0.351105
28 0.346742
29 0.330704

Geração 37

EXTERNO, INTERNO e N de FEATURES
0 0.441918 0.420809 669
1 0.45823 0.430451 633
2 0.474543 0.435617 624
3 0.467128 0.427742 666
4 0.469105 0.423538 638
5 0.462679 0.42455 617
6 0.478992 0.435945 652
7 0.45823 0.430846 630
8 0.474543 0.422459 628
9 0.441424 0.418103 624
10 0.472565 0.412259 639
11 0.462679 0.419657 651
12 0.482452 0.424496 649
13 0.460702 0.423549 629
14 0.471577 0.422853 626
15 0.443401 0.414963 654
16 0.459219 0.428102 646
17 0.483935 0.427426 659
18 0.466139 0.42412 617
19 0.455264 0.433597 608
20 0.45823 0.42158 631
21 0.457736 0.411886 642
22 0.47306 0.426825 644
23 0.478003 0.425272 641
24 0.429066 0.455064 660
25 0.446367 0.416176 651
26 0.453782 0.422541 629
27 0.481957 0.42921 614
28 0.475531 0.442432 648
29 0.464656 0.425227 632
PRECISAO DO ENSEMBLE 0.554128
0 0.317919
1 0.316496
2 0.365733
3 0.364498
4 0.379554
5 0.342632
6 0.382728
7 0.368379
8 0.328977
9 0.332846
10 0.37836
11 0.339349
12 0.383217
13 0.383577
14 0.365628
15 0.360052
16 0.304555
17 0.353606
18 0.321298
19 0.326587
20 0.343358
21 0.361665
22 0.363232
23 0.334994
24 0.327703
25 0.332025
26 0.33523
27 0.363423
28 0.378556
29 0.377112

Geração 38

EXTERNO, INTERNO e N de FEATURES
0 0.427583 0.427611 645
1 0.44785 0.413838 643
2 0.476026 0.420973 640
3 0.485912 0.425913 666
4 0.458725 0.424514 629
5 0.452793 0.4177 644
6 0.463668 0.428868 633
7 0.475531 0.428026 663
8 0.468611 0.438712 645
9 0.423134 0.417572 637
10 0.464656 0.424128 651
11 0.445378 0.425111 660
12 0.467128 0.435515 662
13 0.444884 0.413788 636
14 0.446367 0.43976 636
15 0.464162 0.432362 621
16 0.446861 0.427117 635
17 0.449333 0.419609 646
18 0.417696 0.428981 641
19 0.434998 0.423155 645
20 0.442907 0.42456 633
21 0.4261 0.413659 641
22 0.438458 0.420274 635
23 0.477014 0.430965 634
24 0.463174 0.432627 642
25 0.456253 0.419685 625
26 0.449827 0.418883 654
27 0.463668 0.431043 641
28 0.44785 0.425082 650
29 0.437469 0.42737 634
PRECISAO DO ENSEMBLE 0.536826
0 0.373259
1 0.320451
2 0.346822
3 0.370355
4 0.303875
5 0.334718
6 0.371063
7 0.366383
8 0.296313
9 0.356981
10 0.320933
11 0.300378
12 0.394156
13 0.316037
14 0.362473
15 0.382449
16 0.311792
17 0.316229
18 0.334813
19 0.340709
20 0.347385
21 0.333295
22 0.336886
23 0.368514
24 0.397753
25 0.383714
26 0.339366
27 0.340543
28 0.350702
29 0.348972

Geração 39

EXTERNO, INTERNO e N de FEATURES
0 0.476026 0.431531 648
1 0.442907 0.430343 634
2 0.437963 0.437195 642
3 0.449827 0.424616 642
4 0.455759 0.419126 658
5 0.431537 0.430732 621
6 0.423628 0.418006 662
7 0.494315 0.42304 645
8 0.461196 0.426398 652
9 0.459219 0.431716 648
10 0.430054 0.415728 643
11 0.452793 0.428272 646
12 0.443895 0.421969 632
13 0.482452 0.432282 625
14 0.464162 0.432572 662
15 0.448838 0.425218 648
16 0.448838 0.416427 645
17 0.457242 0.422753 644
18 0.443401 0.424459 650
19 0.448838 0.419604 657
20 0.441918 0.431103 656
21 0.474543 0.421069 640
22 0.456253 0.418174 653
23 0.452793 0.425617 668
24 0.453287 0.435729 667
25 0.445872 0.427051 648
26 0.480969 0.425743 653
27 0.443401 0.424911 650
28 0.456747 0.428908 642
29 0.448344 0.42337 645
PRECISAO DO ENSEMBLE 0.542758
0 0.365052
1 0.325731
2 0.335885
3 0.353297
4 0.343112
5 0.34641
6 0.325881
7 0.356386
8 0.364474
9 0.368311
10 0.27207
11 0.373702
12 0.379479
13 0.328593
14 0.361846
15 0.294428
16 0.345054
17 0.343911
18 0.335046
19 0.332067
20 0.368481
21 0.324786
22 0.318197
23 0.339048
24 0.36023
25 0.333547
26 0.363737
27 0.336747
28 0.36221
29 0.335256

Geração 40

EXTERNO, INTERNO e N de FEATURES
0 0.454276 0.433103 642
1 0.472565 0.43392 645
2 0.448838 0.427567 653
3 0.454276 0.428977 652
4 0.462185 0.450197 656
5 0.463668 0.422251 652
6 0.465151 0.429021 641
7 0.451804 0.418259 644
8 0.474048 0.430119 676
9 0.44439 0.43714 629
10 0.450816 0.420126 663
11 0.449333 0.431853 619
12 0.434998 0.422423 689
13 0.446367 0.422988 629
14 0.40781 0.440886 631
15 0.455264 0.426597 615
16 0.450816 0.426339 630
17 0.439446 0.424534 649
18 0.441918 0.412994 660
19 0.474543 0.431282 644
20 0.445872 0.434602 655
21 0.498764 0.431086 641
22 0.465645 0.419696 645
23 0.464162 0.422155 641
24 0.470094 0.43873 640
25 0.485912 0.437032 658
26 0.453287 0.422319 636
27 0.483935 0.426456 655
28 0.460702 0.439045 662
29 0.471577 0.442046 659
PRECISAO DO ENSEMBLE 0.518043
0 0.351369
1 0.358353
2 0.315143
3 0.367881
4 0.371067
5 0.366791
6 0.354088
7 0.325132
8 0.348227
9 0.352588
10 0.373412
11 0.37881
12 0.37093
13 0.378062
14 0.316899
15 0.368505
16 0.382892
17 0.361191
18 0.349168
19 0.364224
20 0.342328
21 0.377298
22 0.378073
23 0.334999
24 0.368962
25 0.397574
26 0.367976
27 0.341543
28 0.397347
29 0.356904

Geração 41

EXTERNO, INTERNO e N de FEATURES
0 0.451804 0.446596 654
1 0.473554 0.438892 660
2 0.459219 0.443436 665
3 0.470588 0.436692 658
4 0.462185 0.429348 647
5 0.465645 0.433131 662
6 0.448344 0.447337 658
7 0.465151 0.425277 664
8 0.426594 0.433225 647
9 0.504696 0.436286 657
10 0.415225 0.423651 643
11 0.454276 0.424085 681
12 0.450816 0.42891 631
13 0.467622 0.428053 652
14 0.453287 0.428928 668
15 0.460208 0.423493 663
16 0.474048 0.4358 657
17 0.478003 0.435991 661
18 0.463174 0.429147 664
19 0.482452 0.422183 655
20 0.442907 0.42323 671
21 0.441424 0.430488 682
22 0.455264 0.424039 655
23 0.44439 0.434674 633
24 0.4696 0.436508 655
25 0.459219 0.424097 664
26 0.478497 0.430677 652
27 0.443401 0.425442 668
28 0.474543 0.430479 655
29 0.446861 0.432124 651
PRECISAO DO ENSEMBLE 0.54177
0 0.369535
1 0.391315
2 0.351783
3 0.382038
4 0.334545
5 0.333299
6 0.373743
7 0.388871
8 0.349273
9 0.359255
10 0.280603
11 0.315159
12 0.369744
13 0.324671
14 0.330732
15 0.332849
16 0.349224
17 0.346297
18 0.328779
19 0.383724
20 0.326003
21 0.370041
22 0.333694
23 0.347742
24 0.358051
25 0.372782
26 0.339088
27 0.316977
28 0.319976
29 0.394752

Geração 42

EXTERNO, INTERNO e N de FEATURES
0 0.444884 0.42349 671
1 0.452299 0.424608 657
2 0.426594 0.429688 639
3 0.456253 0.432379 648
4 0.423628 0.425716 628
5 0.463668 0.437355 669
6 0.450816 0.438335 633
7 0.436975 0.435199 653
8 0.435986 0.419511 657
9 0.443401 0.427267 634
10 0.423628 0.429245 645
11 0.448838 0.428035 659
12 0.451804 0.43114 664
13 0.442907 0.426662 642
14 0.460208 0.428362 636
15 0.44785 0.421714 645
16 0.471083 0.427147 643
17 0.426594 0.425853 644
18 0.427088 0.440353 647
19 0.463668 0.424232 654
20 0.445872 0.42794 676
21 0.464656 0.427761 664
22 0.443895 0.439463 622
23 0.45131 0.440137 650
24 0.446861 0.425188 670
25 0.455759 0.427421 649
26 0.440435 0.431304 644
27 0.439941 0.432762 640
28 0.470588 0.429076 673
29 0.462185 0.435628 661
PRECISAO DO ENSEMBLE 0.515077
0 0.328739
1 0.358547
2 0.327157
3 0.398172
4 0.295094
5 0.318167
6 0.379535
7 0.349069
8 0.318458
9 0.31942
10 0.318227
11 0.332691
12 0.365229
13 0.386221
14 0.367232
15 0.354893
16 0.391619
17 0.35177
18 0.3743
19 0.355354
20 0.335939
21 0.337964
22 0.371062
23 0.403955
24 0.326822
25 0.371777
26 0.35741
27 0.375724
28 0.365028
29 0.34754

Geração 43

EXTERNO, INTERNO e N de FEATURES
0 0.477509 0.425299 662
1 0.42956 0.410949 664
2 0.440929 0.424521 669
3 0.43302 0.430118 650
4 0.434998 0.423501 669
5 0.468117 0.423569 658
6 0.427088 0.426464 657
7 0.446861 0.41622 666
8 0.443895 0.415392 672
9 0.438458 0.447372 646
10 0.47652 0.428431 675
11 0.453782 0.434309 665
12 0.462679 0.42882 681
13 0.476026 0.43626 636
14 0.478992 0.438052 666
15 0.467128 0.436551 623
16 0.460208 0.440589 678
17 0.447355 0.423326 646
18 0.437963 0.423459 645
19 0.475037 0.432171 650
20 0.482946 0.423981 674
21 0.45823 0.429273 632
22 0.471083 0.436624 682
23 0.482946 0.430498 655
24 0.463174 0.447052 671
25 0.462185 0.442059 686
26 0.466634 0.418522 675
27 0.415225 0.442521 654
28 0.459219 0.436902 674
29 0.449333 0.428088 656
PRECISAO DO ENSEMBLE 0.535838
0 0.371516
1 0.345786
2 0.374679
3 0.347695
4 0.318397
5 0.376799
6 0.337715
7 0.348571
8 0.306084
9 0.347195
10 0.342203
11 0.365748
12 0.349575
13 0.394613
14 0.364484
15 0.397854
16 0.358321
17 0.360892
18 0.36243
19 0.356364
20 0.339237
21 0.376953
22 0.343208
23 0.368621
24 0.375088
25 0.372883
26 0.338104
27 0.318481
28 0.377695
29 0.393327

Geração 44

EXTERNO, INTERNO e N de FEATURES
0 0.447355 0.433384 634
1 0.441918 0.429081 648
2 0.434503 0.424817 675
3 0.430054 0.436675 667
4 0.472565 0.42411 641
5 0.455759 0.430254 663
6 0.431537 0.425589 671
7 0.455264 0.433552 658
8 0.437963 0.424 646
9 0.419674 0.430792 656
10 0.465151 0.421373 669
11 0.447355 0.442377 644
12 0.461196 0.425079 655
13 0.442412 0.425892 658
14 0.45823 0.425622 658
15 0.443401 0.418023 675
16 0.434503 0.431511 639
17 0.443895 0.426847 657
18 0.48344 0.422139 677
19 0.437469 0.417121 657
20 0.442412 0.434951 640
21 0.454276 0.423818 653
22 0.449333 0.444983 669
23 0.436975 0.435908 633
24 0.441918 0.418926 643
25 0.463668 0.438186 641
26 0.420662 0.426492 632
27 0.45823 0.432057 657
28 0.42956 0.45803 649
29 0.496293 0.422706 665
PRECISAO DO ENSEMBLE 0.521008
0 0.381956
1 0.338248
2 0.34392
3 0.388092
4 0.306216
5 0.378229
6 0.331653
7 0.33463
8 0.340242
9 0.384033
10 0.316091
11 0.342191
12 0.40692
13 0.357067
14 0.313789
15 0.311828
16 0.344071
17 0.342528
18 0.359475
19 0.330716
20 0.328994
21 0.38839
22 0.370453
23 0.318246
24 0.300003
25 0.352321
26 0.347296
27 0.361355
28 0.36815
29 0.335226

Geração 45

EXTERNO, INTERNO e N de FEATURES
0 0.489867 0.424461 656
1 0.44439 0.424696 697
2 0.478003 0.438646 673
3 0.464162 0.4261 648
4 0.456747 0.441318 633
5 0.458725 0.427628 682
6 0.482946 0.434796 657
7 0.457736 0.415947 652
8 0.432526 0.428979 654
9 0.450321 0.420961 642
10 0.461691 0.437096 683
11 0.443895 0.424582 654
12 0.468611 0.443364 666
13 0.438952 0.411924 653
14 0.448838 0.425026 663
15 0.468117 0.432683 658
16 0.468611 0.430345 673
17 0.449827 0.421596 656
18 0.446367 0.423948 639
19 0.441424 0.419988 657
20 0.470094 0.423782 660
21 0.480475 0.428255 683
22 0.456253 0.416537 651
23 0.459219 0.423765 674
24 0.426594 0.433822 648
25 0.4261 0.422042 646
26 0.466139 0.433846 663
27 0.471083 0.420327 670
28 0.448344 0.421545 657
29 0.480475 0.433811 665
PRECISAO DO ENSEMBLE 0.546218
0 0.382536
1 0.343929
2 0.370558
3 0.329349
4 0.370006
5 0.360499
6 0.356506
7 0.321808
8 0.384911
9 0.339496
10 0.365431
11 0.328617
12 0.351449
13 0.305347
14 0.311124
15 0.335732
16 0.335411
17 0.334701
18 0.343007
19 0.337428
20 0.399408
21 0.383509
22 0.275321
23 0.347065
24 0.330026
25 0.349387
26 0.385852
27 0.328031
28 0.348436
29 0.374213

Geração 46

EXTERNO, INTERNO e N de FEATURES
0 0.43302 0.410816 667
1 0.485912 0.424232 695
2 0.460702 0.436059 667
3 0.459219 0.442641 667
4 0.4696 0.436611 657
5 0.452793 0.435463 669
6 0.434503 0.437847 663
7 0.450816 0.435802 650
8 0.465151 0.441509 661
9 0.482452 0.431026 679
10 0.44439 0.425498 669
11 0.443401 0.43332 637
12 0.434503 0.426356 663
13 0.417696 0.449252 663
14 0.467622 0.445851 641
15 0.461691 0.422268 633
16 0.462679 0.428723 655
17 0.434009 0.430282 662
18 0.453287 0.434592 671
19 0.455264 0.434194 666
20 0.446367 0.431872 686
21 0.463174 0.426279 649
22 0.456253 0.436692 661
23 0.445872 0.431606 686
24 0.491349 0.444218 643
25 0.440435 0.431623 682
26 0.481957 0.440516 671
27 0.478992 0.433351 672
28 0.490855 0.444745 670
29 0.467128 0.41702 678
PRECISAO DO ENSEMBLE 0.510133
0 0.340582
1 0.353638
2 0.353875
3 0.368695
4 0.410118
5 0.344117
6 0.34523
7 0.370216
8 0.387732
9 0.344841
10 0.412852
11 0.325069
12 0.351278
13 0.342288
14 0.396729
15 0.321312
16 0.399135
17 0.355471
18 0.35688
19 0.386674
20 0.329735
21 0.345927
22 0.388798
23 0.345396
24 0.350718
25 0.343556
26 0.36462
27 0.394242
28 0.366886
29 0.317938

Geração 47

EXTERNO, INTERNO e N de FEATURES
0 0.455759 0.439326 652
1 0.45131 0.418584 683
2 0.462185 0.433977 662
3 0.416214 0.443496 671
4 0.459219 0.435128 683
5 0.464656 0.439899 678
6 0.463668 0.424825 670
7 0.495798 0.430474 692
8 0.455759 0.441336 659
9 0.45131 0.416643 673
10 0.455264 0.436509 684
11 0.471083 0.43396 645
12 0.470094 0.434389 673
13 0.443895 0.42425 688
14 0.470094 0.426238 668
15 0.465645 0.429166 664
16 0.481463 0.436298 679
17 0.425606 0.424894 647
18 0.447355 0.430381 671
19 0.423628 0.435615 663
20 0.442907 0.429995 670
21 0.452299 0.438921 678
22 0.44785 0.439612 676
23 0.457242 0.417445 672
24 0.466139 0.427136 657
25 0.474048 0.435744 679
26 0.45823 0.427011 647
27 0.462679 0.426322 676
28 0.42956 0.434837 678
29 0.4261 0.423628 679
PRECISAO DO ENSEMBLE 0.524469
0 0.346723
1 0.344133
2 0.356454
3 0.294198
4 0.369664
5 0.323533
6 0.349443
7 0.350294
8 0.338971
9 0.302983
10 0.355331
11 0.416769
12 0.377874
13 0.369475
14 0.353379
15 0.338122
16 0.340931
17 0.321075
18 0.311012
19 0.375744
20 0.361301
21 0.352732
22 0.329684
23 0.335326
24 0.353374
25 0.364751
26 0.327607
27 0.383822
28 0.33627
29 0.307016

Geração 48

EXTERNO, INTERNO e N de FEATURES
0 0.47998 0.422249 660
1 0.47306 0.428857 656
2 0.474543 0.436634 643
3 0.435492 0.416198 678
4 0.437963 0.424784 660
5 0.453287 0.425381 697
6 0.438458 0.424279 641
7 0.461196 0.414425 675
8 0.44439 0.418401 647
9 0.461691 0.435436 677
10 0.443895 0.416294 683
11 0.440929 0.427725 664
12 0.466634 0.438373 660
13 0.439941 0.426086 652
14 0.417202 0.405406 642
15 0.417696 0.415426 662
16 0.429066 0.424301 667
17 0.45477 0.420886 670
18 0.451804 0.443144 665
19 0.415719 0.43073 640
20 0.445872 0.427035 656
21 0.466634 0.428933 667
22 0.441918 0.422842 676
23 0.439941 0.43278 675
24 0.427088 0.417759 679
25 0.480969 0.441525 657
26 0.452299 0.40913 648
27 0.460702 0.427837 676
28 0.439941 0.425805 681
29 0.454276 0.429638 681
PRECISAO DO ENSEMBLE 0.536826
0 0.335291
1 0.366245
2 0.32389
3 0.343934
4 0.3527
5 0.327019
6 0.30431
7 0.330635
8 0.346953
9 0.290115
10 0.307376
11 0.303265
12 0.348202
13 0.359385
14 0.242228
15 0.308994
16 0.298336
17 0.317399
18 0.380975
19 0.291247
20 0.373435
21 0.341623
22 0.299257
23 0.306862
24 0.278655
25 0.339587
26 0.318166
27 0.323285
28 0.327978
29 0.378086

Geração 49

EXTERNO, INTERNO e N de FEATURES
0 0.40781 0.420333 663
1 0.452299 0.427015 653
2 0.425606 0.420015 689
3 0.484429 0.432291 662
4 0.439941 0.444805 661
5 0.447355 0.424871 684
6 0.475531 0.430764 673
7 0.438458 0.419181 672
8 0.441918 0.42116 665
9 0.467128 0.4161 676
10 0.480969 0.437806 677
11 0.47306 0.416665 658
12 0.461196 0.427218 663
13 0.446367 0.422357 672
14 0.484429 0.428773 692
15 0.473554 0.426851 675
16 0.444884 0.430102 667
17 0.482452 0.431839 680
18 0.450816 0.424883 693
19 0.444884 0.423524 664
20 0.467128 0.420056 662
21 0.491844 0.432979 711
22 0.45131 0.43126 677
23 0.435492 0.419982 669
24 0.456253 0.432917 684
25 0.452793 0.417901 653
26 0.443895 0.424582 676
27 0.440929 0.429741 637
28 0.472071 0.42451 636
29 0.471083 0.429627 703
PRECISAO DO ENSEMBLE 0.535344
0 0.309621
1 0.316555
2 0.344911
3 0.410243
4 0.31038
5 0.345337
6 0.379679
7 0.357323
8 0.32675
9 0.297175
10 0.385986
11 0.329561
12 0.316786
13 0.344269
14 0.354295
15 0.303269
16 0.318552
17 0.352028
18 0.359554
19 0.332612
20 0.330602
21 0.392274
22 0.314425
23 0.343797
24 0.345615
25 0.327137
26 0.329671
27 0.314208
28 0.373819
29 0.342608

Geração 50

EXTERNO, INTERNO e N de FEATURES
0 0.467128 0.433459 693
1 0.470094 0.415955 712
2 0.467622 0.428101 662
3 0.455759 0.425622 693
4 0.4696 0.426287 690
5 0.470094 0.426806 673
6 0.474543 0.42663 674
7 0.444884 0.43187 675
8 0.438952 0.435049 682
9 0.472565 0.418542 701
10 0.468117 0.433948 691
11 0.460702 0.415256 697
12 0.478992 0.419185 712
13 0.473554 0.444711 685
14 0.459713 0.429807 687
15 0.477014 0.421468 667
16 0.467128 0.428081 705
17 0.464656 0.4236 722
18 0.455264 0.43885 668
19 0.463668 0.441019 686
20 0.47306 0.432305 692
21 0.462185 0.434716 679
22 0.451804 0.431 687
23 0.464656 0.430045 689
24 0.468611 0.427049 681
25 0.440929 0.427734 678
26 0.45823 0.419183 673
27 0.432526 0.417938 698
28 0.444884 0.427506 683
29 0.476026 0.434807 683
PRECISAO DO ENSEMBLE 0.529412
0 0.3659
1 0.356625
2 0.347138
3 0.3553
4 0.345033
5 0.319937
6 0.329075
7 0.337234
8 0.348905
9 0.357811
10 0.346644
11 0.362603
12 0.329719
13 0.412238
14 0.372565
15 0.340866
16 0.348744
17 0.329808
18 0.347164
19 0.347468
20 0.352117
21 0.354382
22 0.34226
23 0.344615
24 0.360592
25 0.350416
26 0.363829
27 0.315021
28 0.326092
29 0.376959

