Carregando documentos....
2023 documentos carregados com 1311 termos.
Taxa de mutação de 0.05 e num de pais 10
Geração 1

EXTERNO, INTERNO e N de FEATURES
0 0.275334 0.56248 137
1 0.35047 0.480191 245
2 0.390509 0.433798 375
3 0.448838 0.456772 491
4 0.426594 0.425771 650
5 0.485418 0.419776 760
6 0.492832 0.430067 917
7 0.497281 0.413149 1058
8 0.474048 0.407428 1175
9 0.302027 0.559888 127
10 0.35047 0.480321 241
11 0.410776 0.435084 410
12 0.460702 0.427897 504
13 0.460702 0.423001 613
14 0.475531 0.423632 803
15 0.470588 0.422421 897
16 0.485912 0.420804 1058
17 0.474543 0.413442 1183
18 0.296095 0.572157 123
19 0.348987 0.481829 251
20 0.403856 0.434844 401
21 0.455759 0.447296 476
22 0.43302 0.409116 685
23 0.456747 0.418471 756
24 0.481957 0.424844 923
25 0.474048 0.410289 1053
26 0.50173 0.423934 1189
27 0.320316 0.527698 155
28 0.32872 0.469283 255
29 0.386555 0.433107 392
PRECISAO DO ENSEMBLE 0.556105
0 0.0964707
1 0.180372
2 0.225252
3 0.306565
4 0.321943
5 0.372953
6 0.373814
7 0.406246
8 0.41107
9 0.133579
10 0.160872
11 0.24734
12 0.303657
13 0.342804
14 0.34575
15 0.378504
16 0.422763
17 0.370775
18 0.108294
19 0.172212
20 0.254252
21 0.316713
22 0.308919
23 0.316277
24 0.394491
25 0.405379
26 0.452498
27 0.131655
28 0.164624
29 0.209746

Geração 2

EXTERNO, INTERNO e N de FEATURES
0 0.489867 0.418132 1136
1 0.340583 0.506007 198
2 0.37914 0.449538 303
3 0.37914 0.452164 405
4 0.387049 0.432023 413
5 0.36085 0.420928 424
6 0.383094 0.437233 407
7 0.39743 0.439325 428
8 0.392486 0.432907 421
9 0.489867 0.422727 1149
10 0.478003 0.429927 705
11 0.445378 0.419919 626
12 0.489867 0.418029 904
13 0.448838 0.432113 661
14 0.472565 0.428172 785
15 0.503213 0.429507 1064
16 0.465151 0.420373 897
17 0.456253 0.415027 706
18 0.371231 0.46836 280
19 0.456253 0.432414 712
20 0.47998 0.414963 926
21 0.446367 0.434516 609
22 0.492832 0.422781 1051
23 0.484923 0.428822 787
24 0.401878 0.420012 436
25 0.445378 0.425967 634
26 0.426594 0.438406 520
27 0.493327 0.421665 824
28 0.447355 0.42236 686
29 0.486901 0.425571 1046
PRECISAO DO ENSEMBLE 0.522491
0 0.423
1 0.151145
2 0.19336
3 0.228595
4 0.258345
5 0.229059
6 0.249972
7 0.254024
8 0.264661
9 0.440403
10 0.341527
11 0.296377
12 0.412428
13 0.331471
14 0.367801
15 0.419743
16 0.386071
17 0.344102
18 0.17173
19 0.321064
20 0.383304
21 0.314867
22 0.404642
23 0.381821
24 0.278309
25 0.293651
26 0.269786
27 0.34689
28 0.332626
29 0.393082

Geração 3

EXTERNO, INTERNO e N de FEATURES
0 0.475531 0.429151 1093
1 0.472565 0.425521 695
2 0.432526 0.430256 624
3 0.47652 0.426094 896
4 0.44439 0.439818 661
5 0.474048 0.423875 776
6 0.461196 0.410488 1011
7 0.477014 0.414927 873
8 0.468611 0.426423 697
9 0.384083 0.458833 327
10 0.47306 0.418767 715
11 0.508156 0.422651 1015
12 0.476026 0.414307 881
13 0.450321 0.419659 767
14 0.486406 0.415566 889
15 0.470588 0.422434 1083
16 0.473554 0.425125 766
17 0.503213 0.432064 707
18 0.481957 0.428599 802
19 0.398913 0.429232 537
20 0.434998 0.425746 698
21 0.517548 0.418149 901
22 0.467622 0.419483 883
23 0.463668 0.421278 714
24 0.474048 0.436391 864
25 0.506673 0.417763 873
26 0.485912 0.433395 811
27 0.462679 0.421968 764
28 0.454276 0.427228 693
29 0.454276 0.425955 631
PRECISAO DO ENSEMBLE 0.55215
0 0.432545
1 0.370875
2 0.277603
3 0.394665
4 0.324595
5 0.393918
6 0.318765
7 0.375416
8 0.327149
9 0.19589
10 0.321067
11 0.422962
12 0.359236
13 0.360919
14 0.366483
15 0.415668
16 0.374658
17 0.352658
18 0.356497
19 0.250428
20 0.34218
21 0.366079
22 0.369165
23 0.35026
24 0.369686
25 0.357894
26 0.357225
27 0.352716
28 0.334691
29 0.29878

Geração 4

EXTERNO, INTERNO e N de FEATURES
0 0.475531 0.423569 1042
1 0.45823 0.423354 683
2 0.434998 0.432273 612
3 0.466634 0.422477 870
4 0.446367 0.424725 664
5 0.47998 0.436075 766
6 0.501236 0.413599 985
7 0.482452 0.435543 850
8 0.45477 0.427125 692
9 0.351953 0.446729 368
10 0.456253 0.426471 970
11 0.511616 0.4216 966
12 0.459713 0.420275 955
13 0.482946 0.424805 1061
14 0.47306 0.437276 944
15 0.464656 0.428508 694
16 0.461691 0.426417 568
17 0.493821 0.420973 1012
18 0.465645 0.429599 704
19 0.478497 0.43011 846
20 0.480969 0.429783 980
21 0.449827 0.456301 753
22 0.464656 0.423263 760
23 0.463668 0.430174 956
24 0.454276 0.4214 842
25 0.45477 0.423941 581
26 0.453287 0.427292 662
27 0.443401 0.43533 676
28 0.477509 0.421384 965
29 0.484923 0.410556 870
PRECISAO DO ENSEMBLE 0.55215
0 0.395492
1 0.347714
2 0.281708
3 0.382847
4 0.32148
5 0.376853
6 0.412151
7 0.385482
8 0.3585
9 0.200482
10 0.354514
11 0.41007
12 0.39423
13 0.413523
14 0.408451
15 0.339781
16 0.308236
17 0.409571
18 0.313591
19 0.38293
20 0.382298
21 0.369763
22 0.392105
23 0.409477
24 0.373977
25 0.354841
26 0.324181
27 0.311155
28 0.408208
29 0.336275

Geração 5

EXTERNO, INTERNO e N de FEATURES
0 0.496787 0.415837 1018
1 0.478992 0.41722 906
2 0.453287 0.431449 691
3 0.455759 0.420045 562
4 0.489867 0.416104 985
5 0.486901 0.428866 688
6 0.476026 0.422255 821
7 0.48344 0.418439 946
8 0.460702 0.417828 751
9 0.48344 0.426042 748
10 0.462185 0.415476 624
11 0.464162 0.425093 917
12 0.462185 0.429997 856
13 0.474543 0.417524 939
14 0.481463 0.416871 1006
15 0.472071 0.444049 751
16 0.504696 0.433967 930
17 0.466634 0.428137 706
18 0.474543 0.42178 857
19 0.470588 0.434821 913
20 0.501236 0.433539 920
21 0.478992 0.441572 754
22 0.472071 0.429877 755
23 0.464656 0.426839 837
24 0.478992 0.430368 921
25 0.461691 0.409873 916
26 0.50173 0.417363 1014
27 0.443401 0.427875 748
28 0.487889 0.425583 988
29 0.436975 0.439301 847
PRECISAO DO ENSEMBLE 0.554622
0 0.3572
1 0.37766
2 0.29724
3 0.312275
4 0.419187
5 0.345819
6 0.366706
7 0.396137
8 0.343947
9 0.38676
10 0.305239
11 0.403535
12 0.368351
13 0.389738
14 0.39281
15 0.391148
16 0.431071
17 0.349858
18 0.366525
19 0.363953
20 0.399225
21 0.399569
22 0.35334
23 0.344751
24 0.355568
25 0.367974
26 0.365747
27 0.351931
28 0.405794
29 0.388085

Geração 6

EXTERNO, INTERNO e N de FEATURES
0 0.504696 0.427505 899
1 0.452793 0.4289 700
2 0.513594 0.416854 851
3 0.488384 0.420007 892
4 0.499753 0.424849 891
5 0.456747 0.443899 742
6 0.469105 0.429486 753
7 0.491349 0.428115 829
8 0.477509 0.424369 895
9 0.491349 0.429138 890
10 0.415719 0.413 687
11 0.431043 0.420548 898
12 0.441424 0.428053 883
13 0.466634 0.442504 701
14 0.467128 0.412923 915
15 0.487889 0.414641 880
16 0.493327 0.436711 732
17 0.478992 0.423995 909
18 0.441424 0.428692 753
19 0.473554 0.419632 900
20 0.482946 0.416916 822
21 0.478992 0.415175 819
22 0.475531 0.431499 885
23 0.44785 0.432938 695
24 0.469105 0.423465 723
25 0.487395 0.419108 902
26 0.474543 0.412016 919
27 0.468117 0.419619 899
28 0.496293 0.442461 777
29 0.489372 0.42778 778
PRECISAO DO ENSEMBLE 0.550173
0 0.387444
1 0.355673
2 0.339208
3 0.375703
4 0.37842
5 0.338437
6 0.425782
7 0.367343
8 0.375335
9 0.462226
10 0.293993
11 0.373276
12 0.371105
13 0.328324
14 0.355795
15 0.379369
16 0.330775
17 0.384806
18 0.379803
19 0.396781
20 0.42019
21 0.396774
22 0.371462
23 0.344347
24 0.367164
25 0.408323
26 0.374236
27 0.356443
28 0.373708
29 0.378652

Geração 7

EXTERNO, INTERNO e N de FEATURES
0 0.461691 0.416499 855
1 0.450321 0.429127 680
2 0.48344 0.437295 865
3 0.474048 0.431821 855
4 0.426594 0.429423 692
5 0.44785 0.410654 900
6 0.467622 0.425563 859
7 0.456747 0.423503 715
8 0.462185 0.416747 866
9 0.461196 0.436157 744
10 0.442412 0.421063 683
11 0.47306 0.412462 853
12 0.45477 0.44025 880
13 0.463174 0.42233 872
14 0.500741 0.435197 873
15 0.465645 0.418911 885
16 0.456253 0.426313 727
17 0.43648 0.428751 687
18 0.412753 0.423937 702
19 0.43648 0.427534 694
20 0.445378 0.420605 882
21 0.47306 0.436769 708
22 0.459713 0.4287 685
23 0.476026 0.41873 686
24 0.478497 0.414191 869
25 0.473554 0.421941 864
26 0.474048 0.422179 874
27 0.461196 0.41291 878
28 0.455264 0.423479 701
29 0.460208 0.417144 867
PRECISAO DO ENSEMBLE 0.551162
0 0.380402
1 0.328953
2 0.381372
3 0.354867
4 0.306151
5 0.376779
6 0.385736
7 0.348621
8 0.364327
9 0.344551
10 0.351617
11 0.352129
12 0.402544
13 0.343986
14 0.41481
15 0.401638
16 0.35191
17 0.350565
18 0.304733
19 0.316629
20 0.351016
21 0.367467
22 0.309183
23 0.367246
24 0.375316
25 0.364305
26 0.363112
27 0.392582
28 0.353539
29 0.378779

Geração 8

EXTERNO, INTERNO e N de FEATURES
0 0.440929 0.428704 851
1 0.45823 0.415466 858
2 0.442412 0.431402 715
3 0.439446 0.427166 682
4 0.434998 0.427276 679
5 0.435492 0.443565 688
6 0.478497 0.424775 856
7 0.446367 0.433052 709
8 0.485418 0.436951 685
9 0.416708 0.414451 698
10 0.45823 0.427253 716
11 0.45823 0.435919 855
12 0.47998 0.419971 808
13 0.471083 0.436001 893
14 0.420168 0.41702 680
15 0.408799 0.43811 692
16 0.463174 0.43547 694
17 0.458725 0.416042 737
18 0.442412 0.421208 813
19 0.467128 0.437808 754
20 0.479486 0.417975 857
21 0.457736 0.427732 687
22 0.459219 0.427006 906
23 0.45823 0.443223 686
24 0.435986 0.421638 699
25 0.452793 0.421149 690
26 0.474543 0.420767 719
27 0.47652 0.421672 687
28 0.440435 0.434168 714
29 0.436975 0.411898 709
PRECISAO DO ENSEMBLE 0.532872
0 0.378544
1 0.352752
2 0.322075
3 0.316373
4 0.31415
5 0.32973
6 0.39235
7 0.371745
8 0.345735
9 0.328733
10 0.35072
11 0.366475
12 0.354282
13 0.350717
14 0.303357
15 0.304812
16 0.351805
17 0.350364
18 0.306316
19 0.324082
20 0.342744
21 0.364683
22 0.371648
23 0.331546
24 0.334939
25 0.30423
26 0.352246
27 0.364849
28 0.357136
29 0.33104

Geração 9

EXTERNO, INTERNO e N de FEATURES
0 0.479486 0.430106 829
1 0.438952 0.428432 714
2 0.461691 0.431171 670
3 0.449333 0.419113 701
4 0.492338 0.426357 718
5 0.456253 0.429712 837
6 0.440929 0.43014 791
7 0.49481 0.427393 873
8 0.434009 0.426552 670
9 0.461196 0.427031 681
10 0.446367 0.43851 701
11 0.482946 0.42603 833
12 0.47306 0.447106 839
13 0.456747 0.42364 847
14 0.453782 0.422555 844
15 0.470588 0.438073 822
16 0.445872 0.441301 692
17 0.465151 0.433093 687
18 0.417202 0.420777 676
19 0.40435 0.422421 680
20 0.477509 0.432618 817
21 0.434998 0.433717 709
22 0.442412 0.426461 681
23 0.455264 0.437466 791
24 0.473554 0.430036 673
25 0.424123 0.432576 702
26 0.489867 0.422381 835
27 0.47306 0.41786 859
28 0.453287 0.422793 838
29 0.460208 0.42857 830
PRECISAO DO ENSEMBLE 0.546713
0 0.364574
1 0.349818
2 0.336587
3 0.303112
4 0.351087
5 0.400219
6 0.351864
7 0.384571
8 0.295268
9 0.33445
10 0.308791
11 0.353644
12 0.377895
13 0.339436
14 0.361277
15 0.417191
16 0.361575
17 0.405785
18 0.314754
19 0.279806
20 0.344953
21 0.326335
22 0.357416
23 0.345642
24 0.346018
25 0.337207
26 0.386484
27 0.407316
28 0.357241
29 0.319616

Geração 10

EXTERNO, INTERNO e N de FEATURES
0 0.455264 0.433783 802
1 0.427583 0.418845 694
2 0.460702 0.428741 677
3 0.432526 0.421696 683
4 0.433515 0.422332 689
5 0.462185 0.422829 795
6 0.463174 0.430267 720
7 0.444884 0.423825 668
8 0.445872 0.428192 780
9 0.441424 0.43276 670
10 0.444884 0.434729 714
11 0.454276 0.424729 680
12 0.434998 0.423981 700
13 0.438458 0.437701 704
14 0.456253 0.426143 697
15 0.452299 0.43247 692
16 0.432032 0.42316 681
17 0.438458 0.431407 809
18 0.485418 0.414076 798
19 0.448344 0.42642 666
20 0.466139 0.423966 717
21 0.454276 0.441246 804
22 0.441424 0.413764 687
23 0.430549 0.43322 681
24 0.468611 0.423898 686
25 0.441918 0.436678 688
26 0.453782 0.433817 797
27 0.457242 0.431345 678
28 0.420662 0.44375 671
29 0.462185 0.431236 797
PRECISAO DO ENSEMBLE 0.539298
0 0.368693
1 0.302673
2 0.365257
3 0.288563
4 0.293895
5 0.327884
6 0.364826
7 0.333127
8 0.327885
9 0.345649
10 0.372427
11 0.306314
12 0.342929
13 0.350905
14 0.35876
15 0.336643
16 0.338016
17 0.371239
18 0.347153
19 0.361498
20 0.287241
21 0.353843
22 0.351007
23 0.331965
24 0.344216
25 0.342007
26 0.323444
27 0.35115
28 0.342668
29 0.375181

Geração 11

EXTERNO, INTERNO e N de FEATURES
0 0.450816 0.423253 780
1 0.45131 0.424056 774
2 0.467622 0.413809 779
3 0.453782 0.417229 789
4 0.466634 0.423418 786
5 0.451804 0.425801 789
6 0.497281 0.433375 780
7 0.460208 0.420461 779
8 0.488384 0.437784 801
9 0.454276 0.421312 780
10 0.453782 0.433714 791
11 0.448838 0.421785 773
12 0.456747 0.436903 785
13 0.460208 0.431927 791
14 0.486406 0.432482 769
15 0.434998 0.42514 775
16 0.467128 0.439678 785
17 0.466139 0.417227 785
18 0.472565 0.424262 779
19 0.44785 0.429777 784
20 0.463668 0.425035 786
21 0.453782 0.426372 778
22 0.452299 0.423926 784
23 0.450321 0.429537 781
24 0.50519 0.433473 798
25 0.455264 0.425201 788
26 0.438952 0.427881 784
27 0.463668 0.42507 781
28 0.495304 0.416425 783
29 0.449333 0.418005 761
PRECISAO DO ENSEMBLE 0.534355
0 0.395062
1 0.389303
2 0.399906
3 0.389576
4 0.398675
5 0.398162
6 0.410944
7 0.410369
8 0.413846
9 0.353988
10 0.383442
11 0.369926
12 0.381283
13 0.380125
14 0.428859
15 0.405141
16 0.384725
17 0.37128
18 0.429852
19 0.458787
20 0.380921
21 0.388256
22 0.382955
23 0.345522
24 0.427124
25 0.390654
26 0.341085
27 0.376274
28 0.442487
29 0.414487

Geração 12

EXTERNO, INTERNO e N de FEATURES
0 0.443401 0.424184 777
1 0.451804 0.424795 776
2 0.44439 0.420965 763
3 0.462185 0.424556 768
4 0.452793 0.416191 778
5 0.488878 0.426217 789
6 0.454276 0.420796 777
7 0.464656 0.4341 779
8 0.468611 0.433687 765
9 0.477509 0.436972 771
10 0.459713 0.423631 775
11 0.450321 0.432654 763
12 0.460702 0.428678 777
13 0.494315 0.42901 762
14 0.478497 0.427836 762
15 0.460702 0.440733 794
16 0.470094 0.437662 769
17 0.449333 0.427345 762
18 0.452793 0.421809 764
19 0.468611 0.42048 769
20 0.467622 0.42731 769
21 0.425111 0.415638 767
22 0.488384 0.424798 776
23 0.429066 0.431194 760
24 0.443401 0.422108 774
25 0.47306 0.435817 783
26 0.459219 0.413896 769
27 0.460208 0.430314 760
28 0.477509 0.427929 766
29 0.466634 0.415348 782
PRECISAO DO ENSEMBLE 0.548196
0 0.352076
1 0.390229
2 0.405158
3 0.334668
4 0.378923
5 0.394336
6 0.406046
7 0.409721
8 0.364613
9 0.394193
10 0.399799
11 0.370526
12 0.346597
13 0.400624
14 0.409856
15 0.403059
16 0.360906
17 0.366479
18 0.333177
19 0.398137
20 0.436952
21 0.353291
22 0.422662
23 0.361134
24 0.396249
25 0.405557
26 0.346748
27 0.400926
28 0.364452
29 0.363199

Geração 13

EXTERNO, INTERNO e N de FEATURES
0 0.463668 0.432018 757
1 0.49481 0.420217 748
2 0.476026 0.423077 760
3 0.432032 0.427042 752
4 0.451804 0.43182 765
5 0.465645 0.427911 771
6 0.466139 0.421458 762
7 0.470588 0.423474 740
8 0.457242 0.434885 750
9 0.470094 0.416575 779
10 0.464162 0.424491 756
11 0.473554 0.426267 773
12 0.462679 0.428388 752
13 0.434503 0.420345 770
14 0.444884 0.42831 759
15 0.470588 0.423783 754
16 0.460702 0.417148 776
17 0.442412 0.427182 750
18 0.443401 0.416525 747
19 0.460208 0.442307 782
20 0.454276 0.416805 750
21 0.462185 0.412092 764
22 0.459219 0.416139 768
23 0.470094 0.429132 759
24 0.463668 0.431813 765
25 0.435986 0.43194 752
26 0.434998 0.409701 783
27 0.436975 0.414772 755
28 0.442907 0.424688 745
29 0.428077 0.410745 776
PRECISAO DO ENSEMBLE 0.546713
0 0.38207
1 0.338959
2 0.365787
3 0.338942
4 0.376788
5 0.357822
6 0.371478
7 0.376634
8 0.341342
9 0.383752
10 0.384122
11 0.422562
12 0.363839
13 0.35236
14 0.339381
15 0.384385
16 0.377272
17 0.406107
18 0.360673
19 0.387681
20 0.357273
21 0.375761
22 0.330519
23 0.404019
24 0.348079
25 0.347684
26 0.308107
27 0.34439
28 0.388693
29 0.361661

Geração 14

EXTERNO, INTERNO e N de FEATURES
0 0.479486 0.432705 767
1 0.50173 0.435674 739
2 0.445378 0.419457 764
3 0.461691 0.429537 751
4 0.475531 0.442696 737
5 0.486901 0.444415 763
6 0.453287 0.421416 747
7 0.4696 0.426035 727
8 0.47306 0.434478 761
9 0.450321 0.416823 746
10 0.433515 0.424755 742
11 0.471083 0.430197 727
12 0.442907 0.421833 751
13 0.468611 0.424091 747
14 0.482452 0.422874 778
15 0.462679 0.422423 741
16 0.447355 0.424073 737
17 0.461196 0.434517 759
18 0.439941 0.42648 747
19 0.464656 0.424693 751
20 0.474543 0.429051 760
21 0.466634 0.421179 728
22 0.504696 0.434019 765
23 0.458725 0.41805 755
24 0.448344 0.424247 765
25 0.443895 0.422956 759
26 0.432526 0.421243 719
27 0.462679 0.415492 759
28 0.418191 0.42281 750
29 0.450816 0.441548 742
PRECISAO DO ENSEMBLE 0.533861
0 0.404192
1 0.375728
2 0.358646
3 0.40115
4 0.36626
5 0.402588
6 0.334938
7 0.41093
8 0.385375
9 0.32212
10 0.368382
11 0.337695
12 0.365427
13 0.366457
14 0.444563
15 0.380038
16 0.387724
17 0.335512
18 0.340008
19 0.372873
20 0.39312
21 0.370765
22 0.37957
23 0.378102
24 0.363375
25 0.366792
26 0.348928
27 0.364376
28 0.292615
29 0.35835

Geração 15

EXTERNO, INTERNO e N de FEATURES
0 0.478497 0.425635 759
1 0.458725 0.428824 729
2 0.465151 0.435155 724
3 0.470588 0.420304 743
4 0.479486 0.414285 749
5 0.458725 0.42381 728
6 0.452299 0.416771 749
7 0.464656 0.422825 730
8 0.470588 0.443503 757
9 0.452299 0.432291 749
10 0.427583 0.425013 749
11 0.460702 0.434463 752
12 0.448838 0.42423 740
13 0.468611 0.423704 733
14 0.493821 0.418799 744
15 0.440929 0.428236 736
16 0.463174 0.454652 756
17 0.474048 0.426071 760
18 0.445378 0.428895 756
19 0.438952 0.428549 694
20 0.44439 0.420277 745
21 0.472071 0.426853 730
22 0.487889 0.442976 746
23 0.44785 0.419211 742
24 0.494315 0.439445 754
25 0.449827 0.432906 733
26 0.452299 0.429806 722
27 0.455759 0.421045 730
28 0.43648 0.418352 745
29 0.457736 0.430575 741
PRECISAO DO ENSEMBLE 0.541275
0 0.410966
1 0.386313
2 0.336979
3 0.390914
4 0.391633
5 0.375799
6 0.368918
7 0.326082
8 0.375119
9 0.35908
10 0.318031
11 0.369145
12 0.359727
13 0.373022
14 0.400344
15 0.349146
16 0.421557
17 0.403566
18 0.328143
19 0.337898
20 0.349378
21 0.414012
22 0.407783
23 0.350875
24 0.419559
25 0.386458
26 0.368261
27 0.37212
28 0.375679
29 0.380821

Geração 16

EXTERNO, INTERNO e N de FEATURES
0 0.446367 0.43285 735
1 0.468117 0.436137 754
2 0.47998 0.435666 748
3 0.441918 0.422507 689
4 0.424123 0.426491 728
5 0.462679 0.421001 744
6 0.455264 0.431843 749
7 0.433515 0.421794 732
8 0.471577 0.425187 740
9 0.446861 0.425333 730
10 0.476026 0.434206 722
11 0.447355 0.445297 728
12 0.461196 0.435862 751
13 0.459713 0.425318 747
14 0.466634 0.426325 730
15 0.447355 0.425793 745
16 0.430549 0.422867 718
17 0.45477 0.426886 729
18 0.462185 0.421933 755
19 0.45131 0.430327 739
20 0.45823 0.429568 740
21 0.462185 0.429694 746
22 0.458725 0.427481 721
23 0.460702 0.422946 734
24 0.460702 0.431583 740
25 0.48344 0.428575 738
26 0.4696 0.42016 720
27 0.440929 0.433506 680
28 0.472071 0.426937 743
29 0.478497 0.433568 742
PRECISAO DO ENSEMBLE 0.534849
0 0.357637
1 0.415417
2 0.33481
3 0.320597
4 0.318726
5 0.352923
6 0.377794
7 0.360562
8 0.347337
9 0.358343
10 0.361331
11 0.337944
12 0.368267
13 0.351083
14 0.382306
15 0.365903
16 0.382376
17 0.370997
18 0.383102
19 0.341102
20 0.345777
21 0.376074
22 0.333664
23 0.382712
24 0.374748
25 0.343247
26 0.328995
27 0.320826
28 0.40425
29 0.381308

Geração 17

EXTERNO, INTERNO e N de FEATURES
0 0.462679 0.427744 742
1 0.471577 0.436115 726
2 0.445872 0.420019 682
3 0.437469 0.421202 721
4 0.4261 0.416572 740
5 0.448344 0.432636 733
6 0.455264 0.424413 736
7 0.464656 0.428657 732
8 0.460208 0.440568 725
9 0.464656 0.423975 716
10 0.463174 0.429531 757
11 0.44785 0.431365 717
12 0.439446 0.430136 738
13 0.47652 0.430772 739
14 0.485418 0.420099 747
15 0.463174 0.42692 734
16 0.521503 0.424584 727
17 0.459219 0.424295 727
18 0.448344 0.421232 742
19 0.456747 0.419127 752
20 0.502224 0.419263 722
21 0.444884 0.429441 717
22 0.482946 0.423084 736
23 0.467622 0.433772 758
24 0.43648 0.434591 689
25 0.460208 0.431982 732
26 0.471083 0.426653 727
27 0.442907 0.420869 716
28 0.456747 0.418864 752
29 0.458725 0.435198 732
PRECISAO DO ENSEMBLE 0.540781
0 0.383025
1 0.355942
2 0.309684
3 0.351783
4 0.306932
5 0.388218
6 0.390161
7 0.386069
8 0.41431
9 0.365074
10 0.418467
11 0.361773
12 0.34524
13 0.353919
14 0.410999
15 0.377087
16 0.358991
17 0.33958
18 0.392089
19 0.380526
20 0.348881
21 0.339145
22 0.363167
23 0.374103
24 0.319812
25 0.366116
26 0.383381
27 0.306283
28 0.339536
29 0.324513

Geração 18

EXTERNO, INTERNO e N de FEATURES
0 0.455264 0.431319 755
1 0.44439 0.421676 712
2 0.450321 0.445952 723
3 0.445872 0.425402 727
4 0.451804 0.424755 727
5 0.466139 0.436516 716
6 0.462679 0.425013 723
7 0.472565 0.434655 716
8 0.448344 0.419753 725
9 0.45131 0.433767 726
10 0.449333 0.435089 737
11 0.462185 0.424469 739
12 0.438458 0.425905 769
13 0.437469 0.429608 718
14 0.448344 0.42484 740
15 0.456747 0.428896 750
16 0.489372 0.429988 735
17 0.462679 0.424132 712
18 0.430549 0.419092 724
19 0.472565 0.424551 755
20 0.474048 0.433752 716
21 0.45477 0.432134 735
22 0.463174 0.424263 705
23 0.466139 0.429729 733
24 0.44785 0.420433 718
25 0.441918 0.428022 756
26 0.449827 0.429185 737
27 0.470588 0.420538 750
28 0.43302 0.427363 746
29 0.472071 0.435858 743
PRECISAO DO ENSEMBLE 0.525457
0 0.394243
1 0.334697
2 0.357073
3 0.323955
4 0.374688
5 0.35782
6 0.359278
7 0.394014
8 0.36173
9 0.369925
10 0.319798
11 0.352263
12 0.335313
13 0.295994
14 0.339003
15 0.389241
16 0.379945
17 0.371319
18 0.358259
19 0.399755
20 0.369271
21 0.390966
22 0.295463
23 0.374173
24 0.338578
25 0.390667
26 0.388163
27 0.33981
28 0.336146
29 0.425481

Geração 19

EXTERNO, INTERNO e N de FEATURES
0 0.468611 0.434974 747
1 0.464162 0.441044 727
2 0.457736 0.432722 731
3 0.486901 0.445316 732
4 0.45823 0.427757 735
5 0.461196 0.43099 736
6 0.488384 0.426239 728
7 0.453782 0.446158 737
8 0.436975 0.424447 735
9 0.468117 0.429794 735
10 0.487889 0.447461 734
11 0.460702 0.455837 735
12 0.460208 0.430181 740
13 0.472565 0.431532 733
14 0.462679 0.423524 729
15 0.494315 0.42803 730
16 0.457242 0.430464 736
17 0.469105 0.43519 739
18 0.459219 0.442703 726
19 0.470094 0.426903 734
20 0.447355 0.437957 739
21 0.459219 0.437781 735
22 0.465645 0.448685 751
23 0.453782 0.425708 755
24 0.449827 0.43444 735
25 0.429066 0.429052 729
26 0.513099 0.438309 741
27 0.446367 0.433961 745
28 0.473554 0.43702 737
29 0.470094 0.434927 731
PRECISAO DO ENSEMBLE 0.523974
0 0.417247
1 0.397202
2 0.387954
3 0.414685
4 0.412845
5 0.419291
6 0.4049
7 0.394117
8 0.418658
9 0.437247
10 0.421752
11 0.470387
12 0.417634
13 0.433565
14 0.41514
15 0.48146
16 0.413236
17 0.409759
18 0.388957
19 0.414663
20 0.400696
21 0.390976
22 0.390498
23 0.395094
24 0.399119
25 0.391933
26 0.422297
27 0.397832
28 0.440369
29 0.361241

Geração 20

EXTERNO, INTERNO e N de FEATURES
0 0.459713 0.427506 731
1 0.445872 0.426121 720
2 0.45823 0.430375 720
3 0.424123 0.428813 723
4 0.459713 0.44254 725
5 0.47306 0.429075 720
6 0.479486 0.437965 714
7 0.469105 0.420556 742
8 0.500247 0.444134 745
9 0.449333 0.444319 724
10 0.468117 0.426359 716
11 0.467128 0.429638 732
12 0.459713 0.438287 729
13 0.460702 0.435347 735
14 0.444884 0.425922 729
15 0.452299 0.421238 722
16 0.467622 0.424252 732
17 0.492832 0.426029 724
18 0.483935 0.434311 739
19 0.458725 0.429446 729
20 0.464162 0.441258 725
21 0.478992 0.425746 732
22 0.470094 0.436774 730
23 0.45477 0.421662 707
24 0.486406 0.441955 760
25 0.465645 0.440573 726
26 0.448344 0.428147 730
27 0.454276 0.423284 745
28 0.453287 0.430399 715
29 0.460702 0.438659 732
PRECISAO DO ENSEMBLE 0.528423
0 0.366252
1 0.381735
2 0.390016
3 0.366681
4 0.412637
5 0.39999
6 0.385588
7 0.344544
8 0.3902
9 0.427736
10 0.374888
11 0.369246
12 0.448913
13 0.372946
14 0.373033
15 0.367667
16 0.422263
17 0.374269
18 0.41673
19 0.418995
20 0.375105
21 0.36598
22 0.413871
23 0.411612
24 0.432667
25 0.421169
26 0.363125
27 0.404725
28 0.386304
29 0.384568

Geração 21

EXTERNO, INTERNO e N de FEATURES
0 0.458725 0.422776 725
1 0.47306 0.453537 719
2 0.481957 0.42779 716
3 0.460702 0.447865 719
4 0.499753 0.437166 728
5 0.464656 0.43127 706
6 0.434009 0.440788 723
7 0.429066 0.42737 723
8 0.458725 0.436525 710
9 0.464656 0.428579 724
10 0.44785 0.428985 719
11 0.465151 0.430624 726
12 0.441424 0.433481 720
13 0.469105 0.422578 723
14 0.437469 0.431882 719
15 0.464656 0.426954 721
16 0.448344 0.429419 731
17 0.467622 0.443327 730
18 0.468117 0.428205 721
19 0.453782 0.422234 709
20 0.467622 0.432139 725
21 0.477509 0.427307 731
22 0.464162 0.436522 711
23 0.475037 0.427333 716
24 0.478497 0.443287 736
25 0.459713 0.434816 720
26 0.487889 0.438617 733
27 0.44439 0.421737 712
28 0.473554 0.430948 712
29 0.462679 0.429584 722
PRECISAO DO ENSEMBLE 0.54177
0 0.354079
1 0.379587
2 0.390673
3 0.415217
4 0.355781
5 0.3641
6 0.391217
7 0.387271
8 0.358859
9 0.420647
10 0.362395
11 0.410975
12 0.38524
13 0.376565
14 0.388261
15 0.41303
16 0.394547
17 0.375027
18 0.411468
19 0.383032
20 0.419199
21 0.399784
22 0.382273
23 0.399861
24 0.352417
25 0.385605
26 0.475519
27 0.366333
28 0.375677
29 0.402554

Geração 22

EXTERNO, INTERNO e N de FEATURES
0 0.475531 0.427635 724
1 0.467622 0.434083 702
2 0.452793 0.429281 705
3 0.479486 0.434159 701
4 0.470094 0.435588 705
5 0.435986 0.425788 707
6 0.443895 0.420669 705
7 0.499259 0.431382 709
8 0.450321 0.425239 708
9 0.473554 0.460983 717
10 0.434503 0.431218 739
11 0.438952 0.424072 705
12 0.452299 0.440115 693
13 0.452793 0.426296 727
14 0.458725 0.428718 705
15 0.483935 0.432945 726
16 0.474048 0.431802 718
17 0.461691 0.43707 726
18 0.471577 0.432275 707
19 0.457242 0.442541 712
20 0.434009 0.417752 703
21 0.448838 0.446612 709
22 0.491349 0.439918 722
23 0.500741 0.434036 701
24 0.455759 0.424574 708
25 0.486901 0.427062 709
26 0.426594 0.423183 696
27 0.452793 0.453558 717
28 0.47652 0.425241 703
29 0.479486 0.436052 709
PRECISAO DO ENSEMBLE 0.533861
0 0.370608
1 0.37076
2 0.367605
3 0.396984
4 0.411848
5 0.365512
6 0.382058
7 0.380704
8 0.361731
9 0.410719
10 0.396063
11 0.342895
12 0.360704
13 0.406532
14 0.375594
15 0.421617
16 0.371813
17 0.400733
18 0.421989
19 0.425551
20 0.390749
21 0.355088
22 0.40492
23 0.352131
24 0.360176
25 0.374645
26 0.353556
27 0.36699
28 0.361649
29 0.41796

Geração 23

EXTERNO, INTERNO e N de FEATURES
0 0.469105 0.420765 705
1 0.424123 0.430269 695
2 0.475531 0.428706 694
3 0.442907 0.435655 715
4 0.463668 0.433376 703
5 0.478497 0.421983 710
6 0.464162 0.430631 705
7 0.463174 0.423379 700
8 0.463174 0.430243 711
9 0.437469 0.424986 696
10 0.466139 0.43539 695
11 0.443895 0.424337 708
12 0.474048 0.432554 687
13 0.461691 0.420546 701
14 0.474543 0.431381 697
15 0.44785 0.42951 697
16 0.453782 0.432601 710
17 0.438458 0.430106 693
18 0.461691 0.438414 699
19 0.450816 0.427344 706
20 0.451804 0.43051 696
21 0.448838 0.422079 711
22 0.442412 0.434631 687
23 0.45823 0.420957 706
24 0.461691 0.434848 728
25 0.450816 0.423851 702
26 0.475037 0.436915 681
27 0.436975 0.42583 713
28 0.432526 0.423797 707
29 0.471083 0.437634 699
PRECISAO DO ENSEMBLE 0.531389
0 0.385496
1 0.318048
2 0.380571
3 0.356903
4 0.354554
5 0.376591
6 0.351539
7 0.351274
8 0.357266
9 0.374491
10 0.409829
11 0.340348
12 0.380618
13 0.354725
14 0.427297
15 0.393886
16 0.351067
17 0.327323
18 0.37253
19 0.391286
20 0.363736
21 0.35289
22 0.382405
23 0.364222
24 0.321777
25 0.355896
26 0.373763
27 0.346167
28 0.377355
29 0.380278

Geração 24

EXTERNO, INTERNO e N de FEATURES
0 0.465151 0.436288 699
1 0.470588 0.429481 698
2 0.435986 0.445056 706
3 0.44785 0.422722 695
4 0.464656 0.426273 699
5 0.45131 0.444349 705
6 0.477509 0.426403 690
7 0.441424 0.424878 719
8 0.472565 0.432425 692
9 0.466139 0.428525 708
10 0.475531 0.429364 709
11 0.468611 0.428936 706
12 0.456747 0.419327 693
13 0.480969 0.424084 680
14 0.482946 0.431668 677
15 0.471083 0.423204 695
16 0.462185 0.425233 720
17 0.437469 0.437107 699
18 0.473554 0.45133 705
19 0.487889 0.440367 703
20 0.453782 0.433317 709
21 0.478992 0.431401 694
22 0.421157 0.440572 677
23 0.482452 0.424915 678
24 0.440929 0.424295 682
25 0.477014 0.42787 695
26 0.461691 0.443724 672
27 0.432032 0.428496 689
28 0.449333 0.438818 677
29 0.44439 0.434323 711
PRECISAO DO ENSEMBLE 0.536826
0 0.391949
1 0.370796
2 0.368237
3 0.358963
4 0.341744
5 0.364826
6 0.341295
7 0.350088
8 0.382863
9 0.355746
10 0.340164
11 0.360751
12 0.347796
13 0.337001
14 0.36467
15 0.355907
16 0.390934
17 0.338314
18 0.387979
19 0.37231
20 0.35057
21 0.37342
22 0.35263
23 0.365419
24 0.3142
25 0.378464
26 0.399267
27 0.39327
28 0.372319
29 0.375942

Geração 25

EXTERNO, INTERNO e N de FEATURES
0 0.44785 0.431814 663
1 0.429066 0.424226 684
2 0.471577 0.42718 662
3 0.432032 0.42707 724
4 0.456253 0.428707 715
5 0.484429 0.438081 712
6 0.424123 0.433121 706
7 0.461196 0.434378 711
8 0.455264 0.425016 710
9 0.462185 0.438608 662
10 0.446367 0.432561 661
11 0.458725 0.436031 704
12 0.434998 0.428434 696
13 0.443895 0.432195 698
14 0.441918 0.445282 697
15 0.451804 0.428312 668
16 0.434503 0.424035 678
17 0.432032 0.438412 703
18 0.463668 0.424303 702
19 0.462679 0.436543 670
20 0.441918 0.428221 709
21 0.464162 0.440091 681
22 0.439446 0.436914 710
23 0.434998 0.439272 682
24 0.448838 0.427017 703
25 0.434998 0.448282 704
26 0.455759 0.424647 706
27 0.459713 0.425298 721
28 0.432032 0.432622 677
29 0.456747 0.421651 708
PRECISAO DO ENSEMBLE 0.518537
0 0.344578
1 0.282986
2 0.346918
3 0.350209
4 0.36776
5 0.409154
6 0.372501
7 0.396417
8 0.415505
9 0.365093
10 0.400791
11 0.365788
12 0.374836
13 0.358168
14 0.366129
15 0.360855
16 0.34515
17 0.420566
18 0.369079
19 0.38351
20 0.361365
21 0.414814
22 0.375162
23 0.435022
24 0.363421
25 0.398478
26 0.353999
27 0.450199
28 0.367461
29 0.391797

Geração 26

EXTERNO, INTERNO e N de FEATURES
0 0.449827 0.42355 726
1 0.448838 0.425261 671
2 0.452793 0.431898 697
3 0.464656 0.418686 726
4 0.474048 0.435351 688
5 0.449827 0.428528 711
6 0.424617 0.427577 698
7 0.448838 0.435101 696
8 0.449333 0.425614 707
9 0.416214 0.438147 673
10 0.425606 0.429301 711
11 0.430054 0.427365 699
12 0.421157 0.431196 701
13 0.486406 0.439263 687
14 0.443895 0.420913 694
15 0.434009 0.442316 689
16 0.440929 0.429806 695
17 0.43648 0.429922 704
18 0.443401 0.425754 719
19 0.434503 0.425725 710
20 0.452299 0.435941 699
21 0.442907 0.430571 687
22 0.453782 0.426833 672
23 0.454276 0.44163 695
24 0.448838 0.422421 666
25 0.470588 0.433659 707
26 0.433515 0.422561 678
27 0.462185 0.434599 677
28 0.464656 0.430782 710
29 0.48344 0.436113 704
PRECISAO DO ENSEMBLE 0.519525
0 0.340222
1 0.379985
2 0.414914
3 0.348974
4 0.377902
5 0.421541
6 0.395989
7 0.381015
8 0.365275
9 0.358788
10 0.359391
11 0.377161
12 0.342169
13 0.365119
14 0.387457
15 0.432878
16 0.413834
17 0.360282
18 0.415168
19 0.332141
20 0.400239
21 0.34108
22 0.360891
23 0.393191
24 0.354042
25 0.38885
26 0.337185
27 0.384876
28 0.38474
29 0.4358

Geração 27

EXTERNO, INTERNO e N de FEATURES
0 0.445872 0.439542 719
1 0.454276 0.429337 697
2 0.45477 0.466276 695
3 0.470094 0.441773 709
4 0.448344 0.431588 693
5 0.445378 0.425508 693
6 0.43302 0.431761 703
7 0.440435 0.43149 689
8 0.435986 0.451259 692
9 0.435986 0.434295 711
10 0.496787 0.429712 702
11 0.476026 0.44273 696
12 0.461691 0.447025 694
13 0.47306 0.437244 705
14 0.462185 0.437463 688
15 0.435986 0.424434 695
16 0.460208 0.436193 715
17 0.435986 0.431398 703
18 0.437469 0.422815 712
19 0.460702 0.452042 698
20 0.470094 0.431357 691
21 0.455264 0.433868 716
22 0.445872 0.433936 694
23 0.44785 0.444125 697
24 0.439941 0.437847 702
25 0.449827 0.447445 692
26 0.45131 0.440465 693
27 0.443401 0.433235 688
28 0.443895 0.451445 705
29 0.436975 0.435987 697
PRECISAO DO ENSEMBLE 0.503213
0 0.418414
1 0.350081
2 0.390787
3 0.431674
4 0.421972
5 0.350587
6 0.370351
7 0.452581
8 0.390799
9 0.436291
10 0.393336
11 0.401351
12 0.419133
13 0.380888
14 0.463506
15 0.342613
16 0.45038
17 0.361362
18 0.407735
19 0.414921
20 0.394332
21 0.41441
22 0.337479
23 0.443291
24 0.40787
25 0.428285
26 0.449457
27 0.414853
28 0.429635
29 0.404112

Geração 28

EXTERNO, INTERNO e N de FEATURES
0 0.436975 0.454881 677
1 0.449827 0.435625 688
2 0.446367 0.414693 703
3 0.447355 0.435443 696
4 0.448838 0.418357 702
5 0.467128 0.431748 696
6 0.505685 0.438462 687
7 0.45131 0.43033 719
8 0.447355 0.44172 686
9 0.457242 0.446612 685
10 0.448344 0.446333 696
11 0.443895 0.430721 688
12 0.459219 0.432774 684
13 0.468611 0.447993 695
14 0.423134 0.443439 696
15 0.44439 0.455559 696
16 0.45131 0.430276 719
17 0.462185 0.426299 687
18 0.459219 0.445668 691
19 0.451804 0.435013 699
20 0.459713 0.44045 690
21 0.42956 0.448425 677
22 0.468611 0.436541 688
23 0.448344 0.423258 692
24 0.439941 0.420999 690
25 0.473554 0.439744 706
26 0.440929 0.428679 696
27 0.437963 0.424322 697
28 0.467622 0.439794 680
29 0.449827 0.423342 678
PRECISAO DO ENSEMBLE 0.503707
0 0.42871
1 0.395282
2 0.377426
3 0.431756
4 0.379017
5 0.419971
6 0.404439
7 0.360756
8 0.393857
9 0.403617
10 0.444564
11 0.416809
12 0.390849
13 0.410906
14 0.392238
15 0.437789
16 0.423606
17 0.431566
18 0.382004
19 0.444656
20 0.394897
21 0.400067
22 0.424601
23 0.391843
24 0.430583
25 0.380762
26 0.353055
27 0.396538
28 0.372857
29 0.369793

Geração 29

EXTERNO, INTERNO e N de FEATURES
0 0.453287 0.425176 695
1 0.449827 0.445893 678
2 0.474543 0.437434 682
3 0.439941 0.417175 691
4 0.441424 0.427199 698
5 0.460208 0.42557 686
6 0.457736 0.429479 723
7 0.446861 0.422096 697
8 0.473554 0.442551 696
9 0.444884 0.442942 681
10 0.477509 0.456238 690
11 0.445872 0.430055 694
12 0.418191 0.418197 694
13 0.462185 0.429027 692
14 0.432032 0.416307 693
15 0.454276 0.431702 681
16 0.485912 0.445977 667
17 0.459219 0.448814 699
18 0.432032 0.422024 699
19 0.455264 0.428055 684
20 0.462679 0.435686 697
21 0.459713 0.432335 685
22 0.444884 0.41897 705
23 0.464656 0.429722 680
24 0.451804 0.426562 692
25 0.499259 0.44446 689
26 0.497281 0.442259 695
27 0.460208 0.422612 711
28 0.487889 0.443008 684
29 0.45477 0.430536 693
PRECISAO DO ENSEMBLE 0.532872
0 0.346314
1 0.367625
2 0.395967
3 0.347037
4 0.38242
5 0.357526
6 0.411893
7 0.361421
8 0.369625
9 0.350451
10 0.395415
11 0.379792
12 0.361832
13 0.381871
14 0.366673
15 0.394471
16 0.412501
17 0.367871
18 0.374896
19 0.377377
20 0.395207
21 0.348583
22 0.358462
23 0.379457
24 0.353363
25 0.377728
26 0.358413
27 0.350708
28 0.382452
29 0.418949

Geração 30

EXTERNO, INTERNO e N de FEATURES
0 0.440929 0.441399 693
1 0.476026 0.430901 701
2 0.450321 0.432502 682
3 0.474048 0.430604 674
4 0.450321 0.442294 691
5 0.440929 0.450265 700
6 0.444884 0.42772 695
7 0.439941 0.435951 687
8 0.446861 0.427304 701
9 0.432032 0.435486 688
10 0.449333 0.433511 693
11 0.438952 0.432349 693
12 0.443401 0.444378 686
13 0.447355 0.44427 695
14 0.466139 0.43853 692
15 0.468611 0.440137 693
16 0.418685 0.43798 696
17 0.427583 0.451198 688
18 0.459219 0.452328 696
19 0.445378 0.447405 696
20 0.437963 0.429896 700
21 0.440435 0.433881 702
22 0.431043 0.425473 685
23 0.45477 0.430595 677
24 0.440929 0.428846 691
25 0.44439 0.429972 695
26 0.453782 0.433305 680
27 0.448838 0.42475 692
28 0.466634 0.439874 680
29 0.44785 0.431582 688
PRECISAO DO ENSEMBLE 0.479486
0 0.426742
1 0.441984
2 0.414794
3 0.374245
4 0.447499
5 0.40103
6 0.418052
7 0.410847
8 0.419949
9 0.397331
10 0.415359
11 0.457554
12 0.430063
13 0.441007
14 0.415442
15 0.373234
16 0.408183
17 0.3888
18 0.436157
19 0.412185
20 0.382177
21 0.424498
22 0.430032
23 0.409495
24 0.424194
25 0.401369
26 0.407047
27 0.405748
28 0.389044
29 0.425103

Geração 31

EXTERNO, INTERNO e N de FEATURES
0 0.447355 0.445737 687
1 0.472565 0.433963 687
2 0.452793 0.440522 681
3 0.47998 0.428206 690
4 0.440929 0.435901 683
5 0.466634 0.437736 684
6 0.455759 0.444179 671
7 0.452299 0.420228 687
8 0.446861 0.43198 700
9 0.477014 0.427158 703
10 0.468611 0.445814 670
11 0.438458 0.433006 682
12 0.441918 0.425592 684
13 0.473554 0.430217 686
14 0.45477 0.422557 688
15 0.453287 0.422647 701
16 0.463668 0.423399 698
17 0.493821 0.435632 693
18 0.429066 0.440375 692
19 0.452299 0.427776 691
20 0.447355 0.42762 694
21 0.448344 0.430972 681
22 0.47652 0.451312 692
23 0.427088 0.425291 690
24 0.463174 0.433363 702
25 0.436975 0.424944 694
26 0.447355 0.426922 682
27 0.462679 0.433667 691
28 0.448344 0.42795 690
29 0.468611 0.427266 693
PRECISAO DO ENSEMBLE 0.511616
0 0.395955
1 0.371073
2 0.362089
3 0.390057
4 0.381897
5 0.416577
6 0.386113
7 0.366203
8 0.402455
9 0.392059
10 0.37211
11 0.386244
12 0.398473
13 0.400376
14 0.392547
15 0.397486
16 0.398565
17 0.388618
18 0.351947
19 0.410049
20 0.369508
21 0.383634
22 0.411778
23 0.339335
24 0.405622
25 0.332396
26 0.374282
27 0.369848
28 0.409393
29 0.386617

Geração 32

EXTERNO, INTERNO e N de FEATURES
0 0.462679 0.445722 693
1 0.468611 0.433545 684
2 0.459713 0.42923 693
3 0.448838 0.427607 695
4 0.459219 0.425719 698
5 0.451804 0.43717 662
6 0.462679 0.451564 675
7 0.450321 0.433229 689
8 0.446861 0.437507 682
9 0.467128 0.418005 691
10 0.457736 0.430942 689
11 0.473554 0.437 683
12 0.465645 0.450763 693
13 0.448344 0.425938 685
14 0.455759 0.431285 669
15 0.462679 0.442389 669
16 0.448344 0.432313 668
17 0.445872 0.425513 680
18 0.44785 0.426525 690
19 0.470094 0.430642 686
20 0.468611 0.441748 672
21 0.433515 0.445637 664
22 0.439446 0.435036 660
23 0.459713 0.432579 680
24 0.449333 0.431184 680
25 0.465645 0.436951 694
26 0.450816 0.437145 669
27 0.440435 0.432124 676
28 0.447355 0.428501 680
29 0.410282 0.43168 684
PRECISAO DO ENSEMBLE 0.502224
0 0.382421
1 0.380771
2 0.374341
3 0.340583
4 0.361439
5 0.381478
6 0.421683
7 0.379771
8 0.377276
9 0.31369
10 0.411831
11 0.409357
12 0.443048
13 0.427881
14 0.376964
15 0.396207
16 0.37536
17 0.357354
18 0.356929
19 0.391378
20 0.350683
21 0.374908
22 0.374658
23 0.397265
24 0.396446
25 0.422743
26 0.396156
27 0.389602
28 0.390539
29 0.358524

Geração 33

EXTERNO, INTERNO e N de FEATURES
0 0.47652 0.43676 698
1 0.449333 0.439726 683
2 0.43648 0.426819 664
3 0.462679 0.455991 672
4 0.449333 0.42828 657
5 0.44439 0.438038 675
6 0.44785 0.445232 691
7 0.465645 0.435834 668
8 0.432526 0.426405 672
9 0.443895 0.432803 652
10 0.44439 0.424487 677
11 0.475531 0.444155 677
12 0.449827 0.431623 669
13 0.469105 0.434609 674
14 0.466634 0.426765 684
15 0.443401 0.437071 693
16 0.45477 0.426559 682
17 0.459219 0.427793 660
18 0.468611 0.429811 688
19 0.465645 0.430979 688
20 0.448838 0.423496 682
21 0.478992 0.434202 679
22 0.475037 0.450008 687
23 0.439941 0.430429 683
24 0.442907 0.42679 687
25 0.434503 0.432284 666
26 0.453287 0.435683 692
27 0.449827 0.420792 667
28 0.419179 0.425383 667
29 0.441424 0.441532 690
PRECISAO DO ENSEMBLE 0.531389
0 0.396937
1 0.382488
2 0.335533
3 0.372154
4 0.305104
5 0.38379
6 0.375286
7 0.402822
8 0.3689
9 0.368688
10 0.380311
11 0.376826
12 0.34895
13 0.390874
14 0.390332
15 0.340385
16 0.373831
17 0.355423
18 0.374373
19 0.370883
20 0.360749
21 0.37991
22 0.411625
23 0.380609
24 0.362489
25 0.357636
26 0.384432
27 0.338766
28 0.32519
29 0.384959

Geração 34

EXTERNO, INTERNO e N de FEATURES
0 0.450321 0.434545 677
1 0.453287 0.438392 681
2 0.468611 0.419654 680
3 0.453782 0.429126 667
4 0.466139 0.425224 685
5 0.448838 0.44138 670
6 0.42956 0.426447 675
7 0.468117 0.440691 683
8 0.423134 0.428746 678
9 0.457736 0.429132 680
10 0.455759 0.443828 697
11 0.416214 0.455727 641
12 0.457242 0.425988 676
13 0.464162 0.418727 691
14 0.448838 0.441647 668
15 0.475037 0.429624 673
16 0.443895 0.438721 654
17 0.443401 0.433788 675
18 0.456747 0.424941 661
19 0.446861 0.434771 663
20 0.450321 0.437623 691
21 0.416708 0.440276 675
22 0.463174 0.439288 645
23 0.431537 0.431348 684
24 0.482452 0.433061 673
25 0.419179 0.429269 665
26 0.449333 0.438479 679
27 0.452793 0.427438 664
28 0.432032 0.421125 655
29 0.457736 0.441721 653
PRECISAO DO ENSEMBLE 0.51656
0 0.373716
1 0.392711
2 0.340031
3 0.351487
4 0.359865
5 0.373056
6 0.348108
7 0.380619
8 0.323139
9 0.384698
10 0.399262
11 0.360782
12 0.401184
13 0.392841
14 0.375491
15 0.349266
16 0.341853
17 0.363631
18 0.35318
19 0.36689
20 0.386799
21 0.308055
22 0.419465
23 0.354844
24 0.315579
25 0.372943
26 0.369559
27 0.360111
28 0.375336
29 0.376218

Geração 35

EXTERNO, INTERNO e N de FEATURES
0 0.42264 0.43479 642
1 0.444884 0.417351 684
2 0.44785 0.436832 677
3 0.436975 0.432509 659
4 0.412753 0.42359 679
5 0.437963 0.42115 664
6 0.484429 0.433146 658
7 0.452793 0.427429 662
8 0.438458 0.430102 658
9 0.443401 0.426333 653
10 0.437469 0.427096 649
11 0.450321 0.42395 636
12 0.466634 0.432533 664
13 0.449333 0.436986 651
14 0.427088 0.42112 658
15 0.465151 0.423637 678
16 0.459713 0.431698 649
17 0.432526 0.42035 666
18 0.437469 0.430923 663
19 0.445378 0.435369 660
20 0.419179 0.420148 675
21 0.429066 0.424481 644
22 0.414236 0.418058 685
23 0.454276 0.433747 674
24 0.441424 0.418043 673
25 0.454276 0.439716 668
26 0.427088 0.41746 657
27 0.415719 0.43503 661
28 0.430054 0.423516 675
29 0.449333 0.432234 664
PRECISAO DO ENSEMBLE 0.504696
0 0.296415
1 0.327478
2 0.319186
3 0.342903
4 0.339736
5 0.34739
6 0.370661
7 0.398047
8 0.365462
9 0.38906
10 0.338219
11 0.371962
12 0.382904
13 0.401561
14 0.386524
15 0.342011
16 0.355197
17 0.363235
18 0.381746
19 0.382343
20 0.350813
21 0.333272
22 0.365873
23 0.362202
24 0.351722
25 0.379265
26 0.317896
27 0.322399
28 0.359083
29 0.362585

Geração 36

EXTERNO, INTERNO e N de FEATURES
0 0.447355 0.437082 644
1 0.416214 0.430221 664
2 0.45131 0.425081 672
3 0.438458 0.430168 651
4 0.419179 0.420072 650
5 0.466634 0.449733 650
6 0.454276 0.426598 664
7 0.45477 0.43774 685
8 0.431537 0.463544 646
9 0.428077 0.423729 686
10 0.428571 0.434649 659
11 0.459713 0.428156 665
12 0.473554 0.45644 658
13 0.460702 0.431742 648
14 0.432032 0.421269 667
15 0.435986 0.413332 665
16 0.437469 0.448423 652
17 0.433515 0.427428 660
18 0.438952 0.442921 664
19 0.439941 0.433523 656
20 0.429066 0.430091 678
21 0.432032 0.433195 648
22 0.42956 0.418144 665
23 0.431043 0.425597 661
24 0.437963 0.426443 665
25 0.471083 0.430572 646
26 0.446367 0.449652 647
27 0.479486 0.42136 679
28 0.423628 0.417487 647
29 0.465645 0.431638 666
PRECISAO DO ENSEMBLE 0.497776
0 0.328476
1 0.349706
2 0.367125
3 0.331863
4 0.33211
5 0.371871
6 0.382571
7 0.361609
8 0.347572
9 0.330708
10 0.386563
11 0.35141
12 0.334122
13 0.389535
14 0.32488
15 0.325326
16 0.379168
17 0.334844
18 0.39121
19 0.338752
20 0.324715
21 0.334692
22 0.313579
23 0.325703
24 0.354503
25 0.406272
26 0.412366
27 0.352113
28 0.3554
29 0.365667

Geração 37

EXTERNO, INTERNO e N de FEATURES
0 0.450321 0.423945 634
1 0.451804 0.41826 661
2 0.424617 0.43275 647
3 0.477509 0.433232 667
4 0.439446 0.435316 649
5 0.453287 0.443469 654
6 0.438458 0.436713 662
7 0.424123 0.416647 656
8 0.454276 0.430698 674
9 0.45477 0.436799 647
10 0.452299 0.436965 668
11 0.411765 0.427257 651
12 0.400395 0.43049 669
13 0.4261 0.417138 653
14 0.441424 0.422409 647
15 0.437963 0.427697 660
16 0.450816 0.42752 658
17 0.456253 0.426876 647
18 0.45823 0.436665 643
19 0.421157 0.421486 665
20 0.457736 0.438311 659
21 0.424617 0.424088 642
22 0.421157 0.436351 666
23 0.446861 0.42747 658
24 0.452299 0.441176 690
25 0.453287 0.428519 655
26 0.465645 0.446467 677
27 0.445378 0.429505 668
28 0.424617 0.441488 654
29 0.462185 0.430479 649
PRECISAO DO ENSEMBLE 0.524963
0 0.349656
1 0.330862
2 0.374053
3 0.396673
4 0.361927
5 0.416691
6 0.398813
7 0.356949
8 0.375533
9 0.413257
10 0.368391
11 0.376834
12 0.351285
13 0.358787
14 0.406076
15 0.352754
16 0.339049
17 0.381236
18 0.36694
19 0.364185
20 0.368658
21 0.373586
22 0.384508
23 0.363075
24 0.35901
25 0.318362
26 0.357846
27 0.376167
28 0.381702
29 0.379438

Geração 38

EXTERNO, INTERNO e N de FEATURES
0 0.450321 0.42744 661
1 0.420662 0.430055 665
2 0.455264 0.427432 657
3 0.472071 0.426157 675
4 0.444884 0.429697 646
5 0.434503 0.421855 670
6 0.453287 0.441551 645
7 0.442412 0.426655 667
8 0.438458 0.416473 659
9 0.459713 0.4279 644
10 0.444884 0.425393 659
11 0.473554 0.433015 673
12 0.425606 0.417361 655
13 0.443401 0.442969 650
14 0.439446 0.426635 655
15 0.463174 0.429044 664
16 0.437469 0.419005 672
17 0.443895 0.435178 673
18 0.440435 0.427899 644
19 0.480475 0.446471 661
20 0.410776 0.420216 658
21 0.454276 0.43632 659
22 0.449333 0.435281 652
23 0.440435 0.432847 662
24 0.417696 0.414078 646
25 0.447355 0.43111 646
26 0.435492 0.432666 647
27 0.431043 0.439099 646
28 0.449827 0.429948 665
29 0.443895 0.422483 650
PRECISAO DO ENSEMBLE 0.528917
0 0.365898
1 0.358455
2 0.358126
3 0.366132
4 0.396801
5 0.35419
6 0.419677
7 0.377516
8 0.342092
9 0.391069
10 0.36982
11 0.363062
12 0.351384
13 0.409636
14 0.344704
15 0.358285
16 0.369698
17 0.387684
18 0.349424
19 0.357366
20 0.354924
21 0.364393
22 0.398381
23 0.345023
24 0.329602
25 0.351795
26 0.34156
27 0.377235
28 0.378213
29 0.359677

Geração 39

EXTERNO, INTERNO e N de FEATURES
0 0.454276 0.421843 655
1 0.434998 0.431902 676
2 0.428077 0.422561 651
3 0.431043 0.421657 638
4 0.445378 0.439386 666
5 0.459219 0.429666 665
6 0.413742 0.417222 652
7 0.424617 0.42419 638
8 0.456747 0.432188 661
9 0.429066 0.423963 665
10 0.460702 0.424198 642
11 0.43302 0.430234 668
12 0.445872 0.433579 660
13 0.406822 0.430232 661
14 0.458725 0.432346 672
15 0.445872 0.425449 641
16 0.453287 0.434773 679
17 0.47652 0.437827 666
18 0.432032 0.43388 662
19 0.419674 0.430661 656
20 0.459713 0.435046 646
21 0.469105 0.43232 664
22 0.452299 0.432561 669
23 0.419674 0.432468 666
24 0.443895 0.429787 651
25 0.415719 0.413711 640
26 0.473554 0.429717 650
27 0.474048 0.421144 679
28 0.458725 0.430749 645
29 0.425111 0.419872 650
PRECISAO DO ENSEMBLE 0.528917
0 0.362248
1 0.354986
2 0.349941
3 0.30014
4 0.383082
5 0.357927
6 0.330997
7 0.402049
8 0.32415
9 0.323187
10 0.358421
11 0.347922
12 0.359407
13 0.304678
14 0.363036
15 0.400652
16 0.364938
17 0.410126
18 0.353261
19 0.323896
20 0.413026
21 0.399367
22 0.37053
23 0.350464
24 0.43255
25 0.320713
26 0.374042
27 0.32571
28 0.364249
29 0.395301

Geração 40

EXTERNO, INTERNO e N de FEATURES
0 0.428077 0.434006 637
1 0.4261 0.420021 643
2 0.43648 0.42934 656
3 0.42264 0.426101 671
4 0.44785 0.421094 640
5 0.425111 0.43295 652
6 0.420168 0.428958 668
7 0.431537 0.429144 652
8 0.418685 0.428522 668
9 0.403361 0.416507 650
10 0.463174 0.432557 670
11 0.420662 0.419048 649
12 0.446367 0.416803 651
13 0.425606 0.428522 657
14 0.412259 0.425508 619
15 0.446861 0.419644 662
16 0.42264 0.429016 636
17 0.45477 0.418188 640
18 0.415719 0.431538 636
19 0.448838 0.433596 669
20 0.455759 0.427419 656
21 0.419179 0.417519 656
22 0.431537 0.428812 642
23 0.420168 0.426617 639
24 0.472565 0.427822 654
25 0.433515 0.41934 642
26 0.439941 0.428982 652
27 0.446367 0.428604 637
28 0.430549 0.438808 663
29 0.418191 0.427308 632
PRECISAO DO ENSEMBLE 0.496787
0 0.386355
1 0.326117
2 0.335049
3 0.345011
4 0.356959
5 0.399936
6 0.372915
7 0.360089
8 0.417539
9 0.375356
10 0.343044
11 0.372471
12 0.315534
13 0.352568
14 0.383469
15 0.330907
16 0.337976
17 0.374531
18 0.3389
19 0.385051
20 0.361857
21 0.315997
22 0.322373
23 0.366373
24 0.414273
25 0.340548
26 0.378778
27 0.350302
28 0.396924
29 0.373612

Geração 41

EXTERNO, INTERNO e N de FEATURES
0 0.443895 0.420145 670
1 0.461196 0.43553 636
2 0.491844 0.431312 681
3 0.421157 0.414097 648
4 0.450816 0.422315 669
5 0.437469 0.417022 648
6 0.424123 0.433307 622
7 0.444884 0.419943 684
8 0.42956 0.42216 635
9 0.431537 0.427783 633
10 0.463174 0.426873 655
11 0.44785 0.435505 670
12 0.428571 0.419535 625
13 0.440435 0.425599 655
14 0.447355 0.425696 658
15 0.431043 0.443626 640
16 0.444884 0.434692 665
17 0.449333 0.417779 650
18 0.445872 0.440679 641
19 0.424617 0.424953 648
20 0.425111 0.429176 656
21 0.436975 0.419284 661
22 0.436975 0.421039 655
23 0.445378 0.429858 666
24 0.437963 0.425026 650
25 0.452299 0.422627 668
26 0.414731 0.42329 652
27 0.467622 0.428387 659
28 0.441424 0.428512 672
29 0.442907 0.449493 653
PRECISAO DO ENSEMBLE 0.527929
0 0.392991
1 0.409147
2 0.315013
3 0.344489
4 0.301417
5 0.343628
6 0.373179
7 0.336411
8 0.332319
9 0.400797
10 0.344155
11 0.350111
12 0.393966
13 0.383393
14 0.385451
15 0.357089
16 0.392791
17 0.302087
18 0.404037
19 0.360335
20 0.347526
21 0.3807
22 0.354178
23 0.396961
24 0.386064
25 0.367068
26 0.276628
27 0.34139
28 0.355476
29 0.354695

Geração 42

EXTERNO, INTERNO e N de FEATURES
0 0.486901 0.436413 628
1 0.507168 0.435316 679
2 0.472071 0.428072 655
3 0.43302 0.42488 655
4 0.448344 0.428008 646
5 0.441918 0.4375 628
6 0.464656 0.425421 683
7 0.435986 0.418234 651
8 0.450816 0.427616 656
9 0.463174 0.42201 655
10 0.463174 0.429033 647
11 0.43648 0.42578 664
12 0.443401 0.430698 639
13 0.467128 0.431148 662
14 0.445872 0.424214 640
15 0.460702 0.42142 654
16 0.43302 0.42995 645
17 0.437963 0.437287 664
18 0.437469 0.411621 664
19 0.462185 0.441139 670
20 0.463668 0.427705 652
21 0.437469 0.431662 671
22 0.444884 0.430335 672
23 0.436975 0.434592 657
24 0.438952 0.432201 634
25 0.44785 0.424547 658
26 0.455759 0.430404 656
27 0.427583 0.423089 635
28 0.425606 0.428816 643
29 0.474543 0.427922 644
PRECISAO DO ENSEMBLE 0.529906
0 0.366241
1 0.353336
2 0.366866
3 0.303939
4 0.367644
5 0.353672
6 0.356245
7 0.303166
8 0.384888
9 0.334784
10 0.39103
11 0.367974
12 0.325497
13 0.321492
14 0.354623
15 0.36455
16 0.316429
17 0.314006
18 0.336234
19 0.36957
20 0.34349
21 0.323145
22 0.392286
23 0.340616
24 0.345368
25 0.319753
26 0.399676
27 0.34667
28 0.383142
29 0.385914

Geração 43

EXTERNO, INTERNO e N de FEATURES
0 0.444884 0.427042 649
1 0.44785 0.433121 645
2 0.425111 0.433588 630
3 0.443895 0.416494 650
4 0.457242 0.426399 654
5 0.439941 0.421772 658
6 0.427088 0.419687 653
7 0.455264 0.431719 640
8 0.435986 0.416036 651
9 0.442412 0.434871 677
10 0.452299 0.434068 673
11 0.44785 0.432124 634
12 0.421157 0.443296 636
13 0.472071 0.431286 663
14 0.459219 0.432183 643
15 0.416214 0.421691 639
16 0.462679 0.424173 660
17 0.453287 0.434041 645
18 0.429066 0.416303 638
19 0.408799 0.427947 629
20 0.442412 0.427328 616
21 0.456253 0.437554 641
22 0.457736 0.439101 671
23 0.403361 0.427932 645
24 0.466139 0.436198 657
25 0.45477 0.426311 657
26 0.446367 0.430991 668
27 0.447355 0.441264 648
28 0.434009 0.42047 646
29 0.429066 0.418218 645
PRECISAO DO ENSEMBLE 0.521997
0 0.35278
1 0.313381
2 0.350782
3 0.340388
4 0.390958
5 0.369729
6 0.372763
7 0.396811
8 0.34874
9 0.38514
10 0.340992
11 0.38514
12 0.368964
13 0.374447
14 0.366466
15 0.329992
16 0.365149
17 0.397949
18 0.35909
19 0.323179
20 0.384916
21 0.404258
22 0.419379
23 0.345169
24 0.360225
25 0.419012
26 0.346158
27 0.34146
28 0.321946
29 0.337778

Geração 44

EXTERNO, INTERNO e N de FEATURES
0 0.448344 0.42405 690
1 0.461691 0.435682 652
2 0.444884 0.438 658
3 0.468117 0.422565 656
4 0.442412 0.44472 677
5 0.467622 0.431947 646
6 0.433515 0.418958 648
7 0.428571 0.426157 637
8 0.448838 0.428785 638
9 0.439941 0.422108 638
10 0.455264 0.430477 649
11 0.445378 0.430465 650
12 0.44785 0.42744 646
13 0.448838 0.415475 674
14 0.47998 0.421598 659
15 0.460702 0.429994 679
16 0.452299 0.447476 650
17 0.439941 0.432021 658
18 0.449333 0.408538 675
19 0.436975 0.416315 658
20 0.445872 0.422441 653
21 0.441424 0.460749 664
22 0.456747 0.421623 651
23 0.445872 0.432409 634
24 0.45131 0.440967 653
25 0.455264 0.441818 635
26 0.434009 0.42608 666
27 0.454276 0.42552 643
28 0.407316 0.443324 650
29 0.460208 0.440315 641
PRECISAO DO ENSEMBLE 0.525952
0 0.31011
1 0.3028
2 0.374797
3 0.335474
4 0.389188
5 0.368287
6 0.346248
7 0.292982
8 0.353855
9 0.343871
10 0.382362
11 0.356197
12 0.355046
13 0.337584
14 0.414376
15 0.355388
16 0.312138
17 0.387041
18 0.340095
19 0.347082
20 0.354992
21 0.374113
22 0.344111
23 0.338578
24 0.366066
25 0.375177
26 0.333329
27 0.342976
28 0.374531
29 0.369025

Geração 45

EXTERNO, INTERNO e N de FEATURES
0 0.475531 0.43421 677
1 0.432526 0.440806 678
2 0.446367 0.419366 631
3 0.443895 0.420644 660
4 0.447355 0.429092 659
5 0.442907 0.425955 659
6 0.45131 0.418844 657
7 0.463668 0.423398 671
8 0.441918 0.433155 644
9 0.453782 0.434473 620
10 0.467622 0.427894 672
11 0.431043 0.452176 618
12 0.454276 0.42464 651
13 0.431537 0.43067 641
14 0.458725 0.424452 651
15 0.443895 0.42051 665
16 0.459713 0.438936 667
17 0.44785 0.418476 649
18 0.449333 0.424756 643
19 0.456747 0.438651 662
20 0.449827 0.424287 650
21 0.43648 0.421995 675
22 0.474543 0.438881 639
23 0.431043 0.417703 664
24 0.450321 0.431736 650
25 0.42956 0.42377 650
26 0.454276 0.425891 643
27 0.457736 0.426938 659
28 0.427088 0.432415 655
29 0.427088 0.422253 654
PRECISAO DO ENSEMBLE 0.531389
0 0.367969
1 0.406525
2 0.321472
3 0.373045
4 0.349513
5 0.348983
6 0.351118
7 0.337123
8 0.333244
9 0.371678
10 0.421894
11 0.368367
12 0.38478
13 0.304458
14 0.346206
15 0.379624
16 0.389545
17 0.329523
18 0.357793
19 0.364884
20 0.369303
21 0.369143
22 0.331945
23 0.337669
24 0.324501
25 0.385006
26 0.343209
27 0.411164
28 0.321115
29 0.345213

Geração 46

EXTERNO, INTERNO e N de FEATURES
0 0.458725 0.424941 668
1 0.452793 0.445732 623
2 0.448838 0.417865 653
3 0.431043 0.419832 644
4 0.449333 0.425835 647
5 0.471577 0.43877 676
6 0.490855 0.423144 666
7 0.446367 0.426239 665
8 0.460208 0.431499 627
9 0.450816 0.43015 660
10 0.432526 0.412458 659
11 0.45823 0.423231 651
12 0.455264 0.431211 650
13 0.477509 0.43148 670
14 0.457242 0.423714 656
15 0.467128 0.424632 641
16 0.471083 0.428062 655
17 0.465645 0.429214 660
18 0.44785 0.428953 649
19 0.452299 0.418778 665
20 0.42956 0.421576 643
21 0.450816 0.416707 647
22 0.427088 0.421767 647
23 0.450816 0.422635 654
24 0.467128 0.423853 653
25 0.452793 0.431016 658
26 0.432032 0.425913 642
27 0.437469 0.409969 658
28 0.468611 0.425412 637
29 0.446367 0.421086 660
PRECISAO DO ENSEMBLE 0.534849
0 0.367834
1 0.311122
2 0.381175
3 0.287635
4 0.377019
5 0.350165
6 0.37134
7 0.330625
8 0.385704
9 0.361006
10 0.348186
11 0.370158
12 0.342632
13 0.41807
14 0.330786
15 0.378979
16 0.356611
17 0.31656
18 0.331598
19 0.381798
20 0.310149
21 0.391111
22 0.364024
23 0.289587
24 0.335481
25 0.382389
26 0.353186
27 0.36651
28 0.354586
29 0.321364

Geração 47

EXTERNO, INTERNO e N de FEATURES
0 0.460702 0.417328 670
1 0.463668 0.414715 680
2 0.461196 0.427527 647
3 0.457242 0.435785 657
4 0.457736 0.429454 664
5 0.485912 0.424807 645
6 0.438458 0.419612 672
7 0.436975 0.43293 630
8 0.425111 0.433412 629
9 0.430549 0.416926 651
10 0.47306 0.444906 639
11 0.465151 0.415098 647
12 0.45823 0.422698 676
13 0.459713 0.419234 642
14 0.438458 0.4243 640
15 0.450321 0.428688 664
16 0.464162 0.42943 651
17 0.437469 0.4215 668
18 0.469105 0.429011 665
19 0.469105 0.426253 661
20 0.491844 0.422955 686
21 0.436975 0.428098 628
22 0.457736 0.430479 676
23 0.441918 0.423528 676
24 0.439446 0.429359 633
25 0.479486 0.423226 654
26 0.441424 0.437173 680
27 0.407316 0.419354 634
28 0.442412 0.428164 645
29 0.453287 0.422622 641
PRECISAO DO ENSEMBLE 0.526446
0 0.358164
1 0.33598
2 0.32664
3 0.327476
4 0.323305
5 0.297604
6 0.308132
7 0.325701
8 0.354054
9 0.335048
10 0.327922
11 0.317948
12 0.335357
13 0.344174
14 0.361458
15 0.374614
16 0.358911
17 0.294694
18 0.374832
19 0.336204
20 0.365606
21 0.335639
22 0.350003
23 0.289312
24 0.316709
25 0.330671
26 0.37811
27 0.316069
28 0.350851
29 0.304651

Geração 48

EXTERNO, INTERNO e N de FEATURES
0 0.450816 0.446498 690
1 0.45131 0.432794 642
2 0.398418 0.423345 653
3 0.439446 0.418657 642
4 0.450816 0.419271 633
5 0.442412 0.422635 628
6 0.448344 0.42199 641
7 0.440435 0.413617 649
8 0.444884 0.438512 644
9 0.438458 0.421004 668
10 0.47306 0.426458 656
11 0.448838 0.421422 671
12 0.425606 0.429092 637
13 0.460208 0.434284 654
14 0.475531 0.435888 651
15 0.450321 0.425763 653
16 0.478992 0.431841 642
17 0.450321 0.424412 663
18 0.452793 0.428279 675
19 0.439941 0.418972 656
20 0.45477 0.459219 658
21 0.455264 0.441826 649
22 0.443401 0.430391 632
23 0.45823 0.429128 634
24 0.431537 0.44143 644
25 0.442412 0.420042 623
26 0.447355 0.416258 680
27 0.457242 0.424114 657
28 0.439446 0.432501 658
29 0.430549 0.419991 646
PRECISAO DO ENSEMBLE 0.523974
0 0.341755
1 0.314753
2 0.372392
3 0.362108
4 0.341745
5 0.357847
6 0.389201
7 0.363303
8 0.380396
9 0.346624
10 0.40525
11 0.36523
12 0.328892
13 0.323643
14 0.370523
15 0.332159
16 0.392307
17 0.357141
18 0.345118
19 0.336418
20 0.368598
21 0.391227
22 0.339906
23 0.32487
24 0.363123
25 0.326837
26 0.31668
27 0.386695
28 0.320435
29 0.326101

Geração 49

EXTERNO, INTERNO e N de FEATURES
0 0.457736 0.432576 660
1 0.464162 0.423321 668
2 0.457242 0.419731 645
3 0.421651 0.428048 655
4 0.471577 0.445601 660
5 0.452299 0.41566 647
6 0.472071 0.430797 629
7 0.468117 0.432108 680
8 0.444884 0.437793 668
9 0.490361 0.426425 644
10 0.414731 0.424719 655
11 0.455264 0.427408 684
12 0.462185 0.428888 640
13 0.416708 0.452535 647
14 0.452299 0.425899 666
15 0.466139 0.429632 680
16 0.4696 0.428238 652
17 0.465645 0.42263 682
18 0.460702 0.424243 652
19 0.442907 0.430323 644
20 0.42956 0.432179 669
21 0.435492 0.436191 657
22 0.461691 0.426197 670
23 0.471577 0.427366 663
24 0.45131 0.437977 657
25 0.476026 0.422039 668
26 0.423628 0.426195 671
27 0.435986 0.439458 662
28 0.457242 0.425668 646
29 0.479486 0.433334 663
PRECISAO DO ENSEMBLE 0.549184
0 0.360352
1 0.375734
2 0.303278
3 0.336321
4 0.393907
5 0.313611
6 0.366138
7 0.376896
8 0.359498
9 0.384105
10 0.325089
11 0.386561
12 0.353111
13 0.37829
14 0.347845
15 0.403018
16 0.359434
17 0.375282
18 0.379834
19 0.337672
20 0.350426
21 0.328341
22 0.385607
23 0.373019
24 0.386609
25 0.346473
26 0.330035
27 0.34181
28 0.3608
29 0.373301

Geração 50

EXTERNO, INTERNO e N de FEATURES
0 0.454276 0.423881 675
1 0.489867 0.429562 656
2 0.434503 0.430582 684
3 0.44785 0.423813 645
4 0.445378 0.427224 655
5 0.440929 0.418906 669
6 0.414731 0.440051 649
7 0.463174 0.416399 678
8 0.444884 0.419492 656
9 0.447355 0.430632 659
10 0.440929 0.426826 664
11 0.448344 0.429755 671
12 0.441918 0.426041 675
13 0.45131 0.43075 651
14 0.440435 0.423246 651
15 0.449333 0.427767 654
16 0.450321 0.431977 667
17 0.449827 0.427681 667
18 0.442412 0.429158 695
19 0.445872 0.420278 663
20 0.441918 0.440295 640
21 0.449827 0.42898 634
22 0.449827 0.427678 673
23 0.438458 0.423206 654
24 0.43648 0.428139 670
25 0.469105 0.422448 682
26 0.475037 0.43984 651
27 0.475037 0.425252 666
28 0.40781 0.431047 683
29 0.455264 0.437726 682
PRECISAO DO ENSEMBLE 0.52348
0 0.372006
1 0.359998
2 0.371249
3 0.351012
4 0.321589
5 0.347591
6 0.301108
7 0.315933
8 0.335366
9 0.375691
10 0.318084
11 0.32337
12 0.393282
13 0.365362
14 0.348743
15 0.359558
16 0.391014
17 0.345776
18 0.384714
19 0.32015
20 0.349281
21 0.382356
22 0.345218
23 0.331722
24 0.318096
25 0.378611
26 0.346539
27 0.354174
28 0.346364
29 0.400572

