Carregando documentos....
2023 documentos carregados com 1311 termos.
Geração 1

EXTERNO, INTERNO e N de FEATURES
0 0.275334 0.56248 137
1 0.277311 0.563382 128
2 0.315373 0.565123 127
3 0.303015 0.588013 131
4 0.314879 0.579231 123
5 0.289669 0.574645 127
6 0.294612 0.571353 131
7 0.296589 0.570051 127
8 0.280771 0.556485 120
9 0.290657 0.569539 127
10 0.291646 0.531158 137
11 0.323777 0.546087 137
12 0.301038 0.564505 130
13 0.262976 0.553291 126
14 0.272368 0.561111 122
15 0.311913 0.586332 115
16 0.290657 0.552763 126
17 0.295106 0.539594 155
18 0.284231 0.558098 123
19 0.26693 0.562454 128
20 0.26693 0.521063 132
21 0.280277 0.576138 122
22 0.298566 0.550588 134
23 0.268908 0.567205 119
24 0.291152 0.571921 119
25 0.318339 0.556424 127
26 0.254572 0.57328 121
27 0.305487 0.524916 155
28 0.289174 0.548714 137
29 0.296589 0.561806 125
PRECISAO DO ENSEMBLE 0.439446
0 0.0968542
1 0.127107
2 0.123892
3 0.121964
4 0.157162
5 0.137679
6 0.15125
7 0.111336
8 0.104429
9 0.115324
10 0.117005
11 0.108401
12 0.121986
13 0.100001
14 0.133671
15 0.122295
16 0.126723
17 0.136002
18 0.108331
19 0.11283
20 0.0831747
21 0.105462
22 0.114986
23 0.0838681
24 0.12506
25 0.124617
26 0.0906041
27 0.106476
28 0.113669
29 0.110565

Geração 2

EXTERNO, INTERNO e N de FEATURES
0 0.315373 0.536241 168
1 0.336629 0.522612 174
2 0.316362 0.523775 177
3 0.299555 0.527379 170
4 0.35393 0.532605 169
5 0.311913 0.499982 189
6 0.323777 0.512509 183
7 0.330203 0.51707 177
8 0.32872 0.530374 169
9 0.338606 0.519382 171
10 0.318339 0.524346 190
11 0.320316 0.499148 175
12 0.362333 0.517594 172
13 0.346021 0.513769 182
14 0.350964 0.513748 178
15 0.354918 0.519652 191
16 0.326248 0.499596 183
17 0.307958 0.487614 195
18 0.367276 0.527409 185
19 0.328225 0.502186 182
20 0.330203 0.525013 177
21 0.341078 0.507151 193
22 0.338606 0.501345 192
23 0.333663 0.538325 168
24 0.381611 0.518528 199
25 0.33564 0.524699 177
26 0.335146 0.493771 186
27 0.336629 0.539447 176
28 0.31735 0.524345 161
29 0.346021 0.508735 194
PRECISAO DO ENSEMBLE 0.35739
0 0.270122
1 0.330301
2 0.331117
3 0.272852
4 0.324199
5 0.246298
6 0.320221
7 0.289554
8 0.261137
9 0.322779
10 0.308645
11 0.300609
12 0.30478
13 0.307344
14 0.313518
15 0.260522
16 0.264145
17 0.305497
18 0.274636
19 0.260824
20 0.302802
21 0.294411
22 0.26802
23 0.266467
24 0.27493
25 0.295657
26 0.240022
27 0.313444
28 0.218346
29 0.293633

Geração 3

EXTERNO, INTERNO e N de FEATURES
0 0.359367 0.492738 239
1 0.370242 0.495826 241
2 0.366782 0.491379 231
3 0.371725 0.498511 235
4 0.359862 0.478444 243
5 0.387543 0.482259 253
6 0.363322 0.485312 244
7 0.379634 0.496248 243
8 0.37568 0.471695 251
9 0.361839 0.462081 246
10 0.368759 0.496992 236
11 0.370242 0.48684 237
12 0.327731 0.473438 252
13 0.356896 0.500935 223
14 0.376668 0.494715 233
15 0.352941 0.493405 233
16 0.360356 0.470657 246
17 0.372219 0.473214 248
18 0.371725 0.48922 250
19 0.37568 0.504962 235
20 0.402867 0.491357 253
21 0.364805 0.516382 219
22 0.374197 0.500024 233
23 0.359367 0.477007 237
24 0.361839 0.504681 239
25 0.391992 0.488177 241
26 0.387049 0.487237 245
27 0.359862 0.492601 224
28 0.352941 0.479568 237
29 0.368759 0.476958 249
PRECISAO DO ENSEMBLE 0.415225
0 0.326418
1 0.296802
2 0.305992
3 0.230428
4 0.348853
5 0.342801
6 0.315503
7 0.327849
8 0.267692
9 0.339134
10 0.309484
11 0.334644
12 0.268741
13 0.368079
14 0.345604
15 0.298791
16 0.26998
17 0.345951
18 0.28304
19 0.367666
20 0.371809
21 0.314702
22 0.328396
23 0.292324
24 0.347477
25 0.296206
26 0.359733
27 0.363726
28 0.327566
29 0.325915

Geração 4

EXTERNO, INTERNO e N de FEATURES
0 0.372219 0.483263 281
1 0.389026 0.481431 293
2 0.360356 0.471194 286
3 0.358873 0.465737 289
4 0.362333 0.471428 283
5 0.399407 0.469798 291
6 0.376174 0.460504 297
7 0.368265 0.473894 286
8 0.369254 0.465803 295
9 0.381611 0.462576 296
10 0.393969 0.467108 293
11 0.371725 0.485982 290
12 0.358379 0.456659 281
13 0.369254 0.462452 301
14 0.358873 0.470155 282
15 0.386555 0.455628 286
16 0.394958 0.467927 305
17 0.363322 0.463898 289
18 0.372219 0.462377 299
19 0.380623 0.482422 287
20 0.367276 0.47228 290
21 0.373702 0.455766 305
22 0.373208 0.455647 301
23 0.421651 0.468766 298
24 0.379634 0.505113 278
25 0.370242 0.454939 289
26 0.414731 0.47852 298
27 0.355907 0.461613 289
28 0.385072 0.479816 281
29 0.394464 0.471956 295
PRECISAO DO ENSEMBLE 0.398418
0 0.312671
1 0.373692
2 0.282889
3 0.355867
4 0.311656
5 0.246466
6 0.33466
7 0.32957
8 0.326022
9 0.370604
10 0.332736
11 0.347014
12 0.302244
13 0.298964
14 0.350389
15 0.342038
16 0.369221
17 0.288111
18 0.323671
19 0.319664
20 0.338536
21 0.28963
22 0.324118
23 0.299928
24 0.329585
25 0.301831
26 0.336908
27 0.318701
28 0.327889
29 0.334606

Geração 5

EXTERNO, INTERNO e N de FEATURES
0 0.349481 0.454533 329
1 0.379634 0.455549 326
2 0.3826 0.45526 335
3 0.385566 0.459596 338
4 0.398418 0.467573 339
5 0.372714 0.446765 342
6 0.414236 0.467131 331
7 0.38606 0.464678 334
8 0.388532 0.46633 329
9 0.389026 0.464887 328
10 0.391992 0.450553 331
11 0.382106 0.463596 325
12 0.381117 0.469212 325
13 0.353435 0.451367 328
14 0.39743 0.467948 321
15 0.405339 0.476646 334
16 0.418685 0.454498 329
17 0.369254 0.449009 330
18 0.375185 0.476944 312
19 0.379634 0.445916 343
20 0.395452 0.466871 347
21 0.383094 0.46782 315
22 0.378646 0.469013 335
23 0.392486 0.478441 316
24 0.409787 0.467508 324
25 0.383589 0.464314 329
26 0.395947 0.455902 331
27 0.36431 0.459869 336
28 0.394958 0.475398 320
29 0.415719 0.469499 334
PRECISAO DO ENSEMBLE 0.411765
0 0.303894
1 0.364362
2 0.443468
3 0.364505
4 0.380874
5 0.277775
6 0.398172
7 0.339902
8 0.384085
9 0.375952
10 0.33228
11 0.365995
12 0.364157
13 0.298242
14 0.364911
15 0.400769
16 0.286753
17 0.386082
18 0.351105
19 0.328394
20 0.314885
21 0.408431
22 0.374455
23 0.334016
24 0.36754
25 0.292023
26 0.4157
27 0.350098
28 0.404116
29 0.399894

Geração 6

EXTERNO, INTERNO e N de FEATURES
0 0.386555 0.458115 369
1 0.406327 0.475678 349
2 0.407316 0.460631 368
3 0.399901 0.453921 366
4 0.401878 0.464215 350
5 0.412753 0.45313 370
6 0.383094 0.449334 360
7 0.388038 0.451816 363
8 0.379634 0.462421 380
9 0.359367 0.448084 375
10 0.391003 0.456896 371
11 0.410776 0.474464 373
12 0.40435 0.449305 371
13 0.403361 0.451244 358
14 0.412259 0.462082 371
15 0.415225 0.452677 367
16 0.40089 0.459315 374
17 0.405833 0.464724 363
18 0.403856 0.445705 380
19 0.391003 0.458688 356
20 0.415719 0.455393 369
21 0.384577 0.456106 367
22 0.381117 0.448722 367
23 0.420168 0.47757 368
24 0.411765 0.463205 370
25 0.394958 0.459067 358
26 0.369254 0.45452 345
27 0.384083 0.45634 365
28 0.398913 0.443701 356
29 0.380623 0.481187 365
PRECISAO DO ENSEMBLE 0.414236
0 0.346538
1 0.332484
2 0.357475
3 0.316327
4 0.360887
5 0.387435
6 0.375824
7 0.329503
8 0.306467
9 0.361664
10 0.327001
11 0.339009
12 0.38538
13 0.377125
14 0.341865
15 0.319572
16 0.362449
17 0.367975
18 0.371056
19 0.362028
20 0.336769
21 0.31613
22 0.330007
23 0.381144
24 0.356155
25 0.325758
26 0.376186
27 0.393854
28 0.327752
29 0.371027

Geração 7

EXTERNO, INTERNO e N de FEATURES
0 0.37568 0.462875 386
1 0.390509 0.462595 386
2 0.4261 0.455064 406
3 0.377163 0.451402 394
4 0.392486 0.455343 387
5 0.402373 0.449525 393
6 0.411765 0.444272 399
7 0.398418 0.443171 398
8 0.406327 0.438995 397
9 0.4261 0.467395 397
10 0.391003 0.459477 402
11 0.421157 0.45817 403
12 0.408304 0.450085 410
13 0.392981 0.451202 393
14 0.369748 0.447235 390
15 0.408304 0.44908 399
16 0.396441 0.464933 388
17 0.402373 0.440225 401
18 0.382106 0.460654 392
19 0.432032 0.467485 403
20 0.414236 0.458496 395
21 0.426594 0.453296 393
22 0.380623 0.455551 382
23 0.404844 0.444301 398
24 0.427583 0.460057 399
25 0.394464 0.457347 384
26 0.418191 0.457333 387
27 0.401878 0.447643 399
28 0.37568 0.439895 397
29 0.424123 0.456704 400
PRECISAO DO ENSEMBLE 0.449333
0 0.34418
1 0.340764
2 0.373453
3 0.302257
4 0.35147
5 0.361897
6 0.376825
7 0.333726
8 0.301182
9 0.371372
10 0.391191
11 0.435261
12 0.34329
13 0.344993
14 0.350285
15 0.410326
16 0.319311
17 0.305428
18 0.329541
19 0.376169
20 0.373972
21 0.411228
22 0.317007
23 0.354632
24 0.367127
25 0.324343
26 0.392051
27 0.374713
28 0.283281
29 0.361125

Geração 8

EXTERNO, INTERNO e N de FEATURES
0 0.439446 0.443799 432
1 0.398418 0.44987 417
2 0.419179 0.438639 424
3 0.424617 0.472181 422
4 0.417696 0.45726 425
5 0.422145 0.452074 426
6 0.419674 0.450599 427
7 0.42956 0.449487 426
8 0.426594 0.450908 437
9 0.421157 0.442546 419
10 0.42956 0.457261 433
11 0.420168 0.451227 423
12 0.434503 0.451044 418
13 0.423134 0.463301 431
14 0.42264 0.457188 414
15 0.395947 0.438113 435
16 0.41127 0.45239 429
17 0.420662 0.4589 418
18 0.433515 0.454743 436
19 0.421157 0.456082 439
20 0.431537 0.445973 428
21 0.411765 0.454199 430
22 0.440435 0.44502 420
23 0.405833 0.444399 420
24 0.417696 0.448836 406
25 0.428571 0.446999 432
26 0.410282 0.446997 418
27 0.40781 0.450203 413
28 0.418191 0.447015 431
29 0.387543 0.461585 421
PRECISAO DO ENSEMBLE 0.466634
0 0.34795
1 0.395254
2 0.338681
3 0.407918
4 0.346298
5 0.354973
6 0.355749
7 0.34856
8 0.381017
9 0.336154
10 0.349477
11 0.376408
12 0.340446
13 0.35955
14 0.386697
15 0.348954
16 0.338032
17 0.348261
18 0.405923
19 0.383501
20 0.36297
21 0.349127
22 0.347722
23 0.330966
24 0.361684
25 0.415769
26 0.408899
27 0.326182
28 0.344699
29 0.362093

Geração 9

EXTERNO, INTERNO e N de FEATURES
0 0.416214 0.458106 444
1 0.419179 0.471438 446
2 0.413742 0.448094 424
3 0.44785 0.455782 451
4 0.409787 0.442665 455
5 0.441918 0.445767 453
6 0.446367 0.453133 444
7 0.417202 0.434738 454
8 0.412753 0.442256 449
9 0.444884 0.443932 444
10 0.446367 0.440775 446
11 0.417696 0.449308 439
12 0.449333 0.446613 457
13 0.434998 0.440409 455
14 0.415225 0.44811 456
15 0.401384 0.452173 440
16 0.445872 0.453594 442
17 0.435492 0.44844 452
18 0.415225 0.453903 445
19 0.427583 0.451396 445
20 0.451804 0.44413 446
21 0.424123 0.438276 445
22 0.42264 0.449472 443
23 0.443895 0.444461 449
24 0.448344 0.447072 443
25 0.441424 0.441997 448
26 0.412259 0.432627 438
27 0.432526 0.448724 441
28 0.432526 0.447144 452
29 0.408304 0.434638 452
PRECISAO DO ENSEMBLE 0.478992
0 0.362391
1 0.348594
2 0.374036
3 0.385805
4 0.361568
5 0.395075
6 0.431579
7 0.40478
8 0.33672
9 0.40653
10 0.364035
11 0.426905
12 0.373704
13 0.396107
14 0.390736
15 0.344999
16 0.413755
17 0.390742
18 0.367447
19 0.354709
20 0.391419
21 0.388221
22 0.366199
23 0.385871
24 0.426182
25 0.367603
26 0.354035
27 0.370953
28 0.442975
29 0.352549

Geração 10

EXTERNO, INTERNO e N de FEATURES
0 0.389026 0.436914 479
1 0.409787 0.425779 469
2 0.421157 0.447248 483
3 0.417696 0.443165 461
4 0.402867 0.431698 474
5 0.415719 0.42651 494
6 0.437963 0.453541 481
7 0.420168 0.440009 477
8 0.406822 0.440395 489
9 0.411765 0.447229 467
10 0.389026 0.43801 463
11 0.414731 0.437173 467
12 0.41127 0.435337 480
13 0.442412 0.431404 478
14 0.430054 0.447888 464
15 0.4261 0.437597 480
16 0.433515 0.461609 484
17 0.403361 0.438532 474
18 0.41127 0.449958 473
19 0.446861 0.441424 479
20 0.452793 0.446558 467
21 0.409787 0.447433 473
22 0.437469 0.449136 471
23 0.415225 0.448429 471
24 0.428571 0.4478 476
25 0.418191 0.445076 483
26 0.426594 0.439402 471
27 0.451804 0.449196 471
28 0.42264 0.440594 466
29 0.439446 0.435911 476
PRECISAO DO ENSEMBLE 0.449827
0 0.339152
1 0.328455
2 0.376117
3 0.334468
4 0.393732
5 0.336129
6 0.36281
7 0.373745
8 0.344044
9 0.371254
10 0.394202
11 0.41052
12 0.373245
13 0.339129
14 0.379282
15 0.362027
16 0.406088
17 0.34534
18 0.396764
19 0.376462
20 0.390478
21 0.351975
22 0.369123
23 0.398324
24 0.351089
25 0.381111
26 0.340834
27 0.401494
28 0.356525
29 0.396795

Geração 11

EXTERNO, INTERNO e N de FEATURES
0 0.405833 0.441625 484
1 0.43302 0.432071 492
2 0.386555 0.448509 500
3 0.418685 0.435687 487
4 0.442907 0.441599 487
5 0.440929 0.442231 492
6 0.415225 0.439755 494
7 0.440435 0.43916 499
8 0.428077 0.440015 480
9 0.427088 0.437601 502
10 0.414236 0.439661 486
11 0.445872 0.446834 505
12 0.415719 0.444465 482
13 0.442907 0.441971 486
14 0.412753 0.441825 491
15 0.40089 0.442262 490
16 0.423628 0.440672 498
17 0.377657 0.426304 503
18 0.452299 0.434739 485
19 0.437469 0.439961 499
20 0.416708 0.445138 495
21 0.436975 0.452537 498
22 0.426594 0.441727 490
23 0.403856 0.450495 488
24 0.418685 0.448997 500
25 0.419179 0.433588 498
26 0.426594 0.451454 501
27 0.412753 0.443852 478
28 0.422145 0.442941 502
29 0.406327 0.444711 483
PRECISAO DO ENSEMBLE 0.466139
0 0.369034
1 0.35393
2 0.327808
3 0.425686
4 0.348289
5 0.339577
6 0.388055
7 0.398609
8 0.408059
9 0.383827
10 0.319718
11 0.339829
12 0.36782
13 0.42105
14 0.406081
15 0.365746
16 0.387318
17 0.367764
18 0.397401
19 0.397938
20 0.375077
21 0.387288
22 0.345215
23 0.369829
24 0.382493
25 0.352013
26 0.401243
27 0.373029
28 0.337187
29 0.358619

Geração 12

EXTERNO, INTERNO e N de FEATURES
0 0.437469 0.44015 497
1 0.421651 0.444509 499
2 0.434998 0.429249 490
3 0.417202 0.456809 494
4 0.409787 0.446306 495
5 0.431537 0.436759 502
6 0.440929 0.446405 512
7 0.432526 0.43841 515
8 0.446861 0.447194 505
9 0.452793 0.451211 498
10 0.412259 0.434992 497
11 0.427583 0.446048 509
12 0.432526 0.43787 514
13 0.387049 0.441614 486
14 0.406822 0.444447 499
15 0.415225 0.435661 489
16 0.437469 0.434352 496
17 0.419674 0.425753 494
18 0.430054 0.442306 498
19 0.419179 0.451387 502
20 0.426594 0.449038 480
21 0.427088 0.445267 502
22 0.44439 0.451522 505
23 0.45131 0.440116 504
24 0.435986 0.445603 489
25 0.43648 0.436481 502
26 0.41127 0.447228 510
27 0.40781 0.43785 504
28 0.422145 0.437674 502
29 0.431043 0.435176 508
PRECISAO DO ENSEMBLE 0.462679
0 0.377731
1 0.389851
2 0.347965
3 0.357348
4 0.339671
5 0.369761
6 0.358662
7 0.377112
8 0.388057
9 0.376027
10 0.35094
11 0.35271
12 0.410502
13 0.344929
14 0.342405
15 0.375123
16 0.384511
17 0.322358
18 0.356978
19 0.380759
20 0.378085
21 0.366279
22 0.367721
23 0.342081
24 0.325649
25 0.367347
26 0.331547
27 0.317079
28 0.368176
29 0.370637

Geração 13

EXTERNO, INTERNO e N de FEATURES
0 0.412753 0.444946 522
1 0.426594 0.440564 523
2 0.425606 0.437376 523
3 0.410282 0.444977 531
4 0.420662 0.430049 514
5 0.418685 0.451874 512
6 0.412259 0.430693 512
7 0.393969 0.444609 546
8 0.433515 0.434207 516
9 0.413248 0.434851 544
10 0.427583 0.442085 531
11 0.404844 0.429632 531
12 0.415225 0.441527 515
13 0.408799 0.445037 524
14 0.439446 0.438355 520
15 0.412753 0.436561 528
16 0.443895 0.432561 515
17 0.423628 0.44924 529
18 0.43302 0.435631 527
19 0.443895 0.430761 545
20 0.454276 0.438245 524
21 0.447355 0.435032 523
22 0.401384 0.444331 515
23 0.438952 0.446453 514
24 0.430054 0.440882 513
25 0.405833 0.439115 528
26 0.401384 0.42292 520
27 0.403361 0.446396 530
28 0.430549 0.437481 521
29 0.460208 0.441431 522
PRECISAO DO ENSEMBLE 0.468117
0 0.28787
1 0.350689
2 0.429916
3 0.372034
4 0.359461
5 0.387909
6 0.351631
7 0.360842
8 0.342032
9 0.394888
10 0.387382
11 0.328313
12 0.388606
13 0.354069
14 0.381706
15 0.381271
16 0.366615
17 0.385051
18 0.399557
19 0.345787
20 0.330272
21 0.365671
22 0.354937
23 0.384735
24 0.35551
25 0.345093
26 0.411568
27 0.32293
28 0.405208
29 0.368657

Geração 14

EXTERNO, INTERNO e N de FEATURES
0 0.414731 0.43721 525
1 0.446861 0.447247 523
2 0.42956 0.448259 533
3 0.425606 0.446415 537
4 0.434998 0.436208 546
5 0.437963 0.431355 538
6 0.411765 0.437494 539
7 0.426594 0.437147 533
8 0.423134 0.43558 545
9 0.43648 0.43943 547
10 0.40781 0.440893 539
11 0.443895 0.427387 528
12 0.435492 0.454497 524
13 0.421157 0.43386 533
14 0.399901 0.443013 540
15 0.440929 0.457642 516
16 0.438952 0.450905 537
17 0.442907 0.432853 535
18 0.410776 0.422808 538
19 0.423134 0.421958 534
20 0.432032 0.432771 531
21 0.42264 0.434228 540
22 0.442907 0.437493 542
23 0.430549 0.419456 534
24 0.438952 0.443089 547
25 0.441918 0.429472 542
26 0.434998 0.430574 534
27 0.43648 0.433 540
28 0.427088 0.426782 541
29 0.446861 0.441586 529
PRECISAO DO ENSEMBLE 0.478003
0 0.368258
1 0.388511
2 0.411484
3 0.380947
4 0.41631
5 0.357551
6 0.368314
7 0.396189
8 0.337233
9 0.378669
10 0.350885
11 0.367859
12 0.415748
13 0.348349
14 0.387253
15 0.41477
16 0.406779
17 0.366779
18 0.370518
19 0.327486
20 0.399836
21 0.35477
22 0.39984
23 0.33602
24 0.43241
25 0.365668
26 0.322077
27 0.377052
28 0.358164
29 0.321877

Geração 15

EXTERNO, INTERNO e N de FEATURES
0 0.415225 0.430826 551
1 0.421157 0.438077 539
2 0.449827 0.44006 522
3 0.458725 0.456798 521
4 0.443895 0.4334 537
5 0.419179 0.430113 535
6 0.44439 0.436643 538
7 0.440435 0.443284 538
8 0.420168 0.436558 535
9 0.420168 0.441343 548
10 0.42264 0.437696 527
11 0.442907 0.44236 534
12 0.440435 0.450987 538
13 0.424123 0.458057 532
14 0.443401 0.434824 539
15 0.413248 0.443781 540
16 0.439446 0.44014 534
17 0.435492 0.449555 534
18 0.395947 0.439086 536
19 0.457242 0.4463 538
20 0.463174 0.451983 533
21 0.437963 0.448287 544
22 0.449333 0.434965 552
23 0.429066 0.442147 544
24 0.403361 0.427559 538
25 0.415719 0.434511 549
26 0.451804 0.436985 549
27 0.417696 0.426526 546
28 0.42956 0.430991 541
29 0.437469 0.426736 546
PRECISAO DO ENSEMBLE 0.480475
0 0.365901
1 0.391699
2 0.374218
3 0.355738
4 0.367264
5 0.34774
6 0.345159
7 0.379863
8 0.378684
9 0.398277
10 0.352533
11 0.362197
12 0.379593
13 0.384668
14 0.405762
15 0.357972
16 0.418568
17 0.365564
18 0.382111
19 0.39334
20 0.399012
21 0.416219
22 0.399038
23 0.363321
24 0.349477
25 0.379146
26 0.372508
27 0.330807
28 0.379365
29 0.408784

Geração 16

EXTERNO, INTERNO e N de FEATURES
0 0.430549 0.437104 553
1 0.450816 0.433915 559
2 0.460208 0.444099 554
3 0.423628 0.446682 559
4 0.453287 0.441095 547
5 0.421157 0.428036 545
6 0.432526 0.42547 556
7 0.441424 0.439983 563
8 0.432032 0.440272 559
9 0.440435 0.442541 563
10 0.425606 0.440078 552
11 0.448838 0.430187 575
12 0.398913 0.429684 564
13 0.435492 0.432132 558
14 0.421157 0.432304 540
15 0.448344 0.435226 574
16 0.413742 0.43152 551
17 0.456747 0.436981 550
18 0.452299 0.444398 557
19 0.413742 0.436291 555
20 0.443401 0.432464 555
21 0.460208 0.444125 563
22 0.435492 0.434563 541
23 0.43302 0.441742 554
24 0.432526 0.443776 563
25 0.426594 0.456121 552
26 0.445872 0.435647 562
27 0.433515 0.441933 567
28 0.449333 0.436383 548
29 0.425606 0.421766 572
PRECISAO DO ENSEMBLE 0.474048
0 0.424106
1 0.384732
2 0.437781
3 0.3559
4 0.394677
5 0.414783
6 0.400607
7 0.411952
8 0.396758
9 0.405456
10 0.381893
11 0.399135
12 0.341773
13 0.379314
14 0.366661
15 0.363592
16 0.361363
17 0.44151
18 0.447508
19 0.35538
20 0.376209
21 0.398181
22 0.399298
23 0.389473
24 0.399798
25 0.427827
26 0.389298
27 0.41498
28 0.436639
29 0.352112

Geração 17

EXTERNO, INTERNO e N de FEATURES
0 0.439446 0.437035 580
1 0.428077 0.444238 574
2 0.45131 0.433474 577
3 0.437963 0.426811 572
4 0.422145 0.432045 574
5 0.455759 0.448519 575
6 0.427583 0.427523 573
7 0.43648 0.434511 574
8 0.450816 0.428998 569
9 0.443895 0.439312 596
10 0.444884 0.437489 588
11 0.432526 0.445779 575
12 0.434009 0.440532 582
13 0.440929 0.430886 578
14 0.427583 0.442973 566
15 0.430549 0.440004 571
16 0.434009 0.436686 579
17 0.465151 0.435052 606
18 0.432032 0.43177 589
19 0.446367 0.443729 571
20 0.434998 0.437714 579
21 0.446861 0.443037 597
22 0.456747 0.437693 573
23 0.439446 0.432248 586
24 0.415225 0.425313 590
25 0.435986 0.432687 596
26 0.450321 0.437679 582
27 0.418191 0.432453 578
28 0.42264 0.426643 567
29 0.428571 0.426879 591
PRECISAO DO ENSEMBLE 0.489372
0 0.410787
1 0.421076
2 0.389425
3 0.397342
4 0.404634
5 0.396005
6 0.373597
7 0.411392
8 0.359761
9 0.392202
10 0.377644
11 0.398715
12 0.364117
13 0.396742
14 0.389467
15 0.412759
16 0.393593
17 0.406556
18 0.362002
19 0.424174
20 0.419238
21 0.422994
22 0.395082
23 0.371373
24 0.326581
25 0.434487
26 0.370836
27 0.416328
28 0.357316
29 0.34658

Geração 18

EXTERNO, INTERNO e N de FEATURES
0 0.464162 0.43716 601
1 0.423628 0.425735 607
2 0.453287 0.436069 588
3 0.441918 0.431575 605
4 0.432032 0.430891 589
5 0.445872 0.445876 611
6 0.402373 0.429116 597
7 0.471577 0.434397 579
8 0.45131 0.436998 587
9 0.4261 0.435919 592
10 0.430549 0.426724 598
11 0.43302 0.429157 602
12 0.417202 0.425675 608
13 0.462185 0.428807 606
14 0.464162 0.43115 594
15 0.428571 0.427528 597
16 0.427088 0.427906 601
17 0.431537 0.433396 597
18 0.471083 0.438188 606
19 0.440929 0.441964 595
20 0.42956 0.424015 596
21 0.452793 0.434564 602
22 0.452299 0.436004 598
23 0.418191 0.423334 597
24 0.441424 0.434216 598
25 0.413742 0.422733 588
26 0.440929 0.429658 602
27 0.442907 0.438878 588
28 0.423134 0.425368 589
29 0.438952 0.435844 580
PRECISAO DO ENSEMBLE 0.478003
0 0.388193
1 0.33926
2 0.376662
3 0.387171
4 0.366811
5 0.424416
6 0.363366
7 0.349557
8 0.382339
9 0.400757
10 0.347357
11 0.384017
12 0.352452
13 0.364384
14 0.379401
15 0.371972
16 0.33368
17 0.391318
18 0.370222
19 0.383257
20 0.337365
21 0.336461
22 0.353323
23 0.307322
24 0.369041
25 0.343538
26 0.333727
27 0.384764
28 0.355972
29 0.361917

Geração 19

EXTERNO, INTERNO e N de FEATURES
0 0.442412 0.448298 602
1 0.467128 0.442424 590
2 0.456253 0.432362 584
3 0.447355 0.430775 586
4 0.455264 0.433744 597
5 0.428077 0.441042 588
6 0.450816 0.435176 574
7 0.45131 0.440343 588
8 0.443401 0.43297 594
9 0.472071 0.437192 594
10 0.464162 0.43394 576
11 0.451804 0.446243 584
12 0.451804 0.434728 589
13 0.446861 0.438591 577
14 0.459219 0.431716 600
15 0.449333 0.435624 594
16 0.442907 0.435684 592
17 0.445378 0.425766 584
18 0.443895 0.422022 583
19 0.457736 0.435625 583
20 0.428077 0.45319 609
21 0.439446 0.423289 599
22 0.443895 0.451726 588
23 0.440929 0.438256 586
24 0.428077 0.427175 583
25 0.43648 0.431761 594
26 0.459219 0.444986 578
27 0.448344 0.427851 576
28 0.435492 0.433468 593
29 0.447355 0.429067 598
PRECISAO DO ENSEMBLE 0.505685
0 0.377027
1 0.383865
2 0.386675
3 0.425052
4 0.362336
5 0.37731
6 0.370186
7 0.400124
8 0.405318
9 0.428606
10 0.407723
11 0.417242
12 0.407976
13 0.388109
14 0.406629
15 0.405098
16 0.387677
17 0.416236
18 0.386217
19 0.436477
20 0.392619
21 0.360018
22 0.388295
23 0.364968
24 0.358462
25 0.375378
26 0.413975
27 0.378813
28 0.349687
29 0.356518

Geração 20

EXTERNO, INTERNO e N de FEATURES
0 0.460208 0.445959 596
1 0.437963 0.422333 609
2 0.455264 0.440085 610
3 0.412259 0.427315 592
4 0.420662 0.429964 592
5 0.434009 0.445471 603
6 0.439446 0.440769 608
7 0.426594 0.433039 608
8 0.452793 0.440906 598
9 0.432032 0.437311 604
10 0.412753 0.4219 599
11 0.432526 0.431438 616
12 0.42956 0.420653 604
13 0.445378 0.422941 620
14 0.464656 0.433632 607
15 0.448344 0.416629 605
16 0.473554 0.440027 617
17 0.43302 0.428181 592
18 0.472565 0.438474 608
19 0.441424 0.427885 591
20 0.430549 0.428957 619
21 0.43302 0.429469 596
22 0.451804 0.436048 605
23 0.439941 0.442214 608
24 0.442412 0.432707 591
25 0.442412 0.436571 591
26 0.446367 0.438834 609
27 0.456253 0.437803 597
28 0.42956 0.42177 594
29 0.433515 0.421752 606
PRECISAO DO ENSEMBLE 0.489867
0 0.450652
1 0.376112
2 0.452476
3 0.350361
4 0.394315
5 0.388612
6 0.406803
7 0.337424
8 0.393294
9 0.397266
10 0.370162
11 0.449872
12 0.366738
13 0.407194
14 0.40441
15 0.367291
16 0.361831
17 0.358342
18 0.380827
19 0.373516
20 0.382954
21 0.447226
22 0.39954
23 0.385352
24 0.390597
25 0.411237
26 0.41471
27 0.410182
28 0.375047
29 0.391648

Geração 21

EXTERNO, INTERNO e N de FEATURES
0 0.45131 0.429559 616
1 0.456253 0.423436 611
2 0.437963 0.417042 609
3 0.450321 0.434113 596
4 0.431537 0.438724 599
5 0.429066 0.435244 615
6 0.434503 0.42365 600
7 0.445872 0.429528 615
8 0.426594 0.423263 611
9 0.434503 0.437353 616
10 0.442412 0.421497 620
11 0.428077 0.436565 611
12 0.463668 0.428527 595
13 0.450321 0.428099 605
14 0.430054 0.419583 608
15 0.460702 0.415512 630
16 0.406327 0.424293 617
17 0.439941 0.421465 622
18 0.405339 0.424091 598
19 0.471577 0.43116 614
20 0.450816 0.430194 600
21 0.414236 0.414909 613
22 0.461196 0.435274 611
23 0.455759 0.425658 603
24 0.428571 0.434981 608
25 0.447355 0.425202 634
26 0.443895 0.427091 608
27 0.438458 0.425932 623
28 0.451804 0.420002 610
29 0.42264 0.422382 623
PRECISAO DO ENSEMBLE 0.497281
0 0.364111
1 0.385257
2 0.33735
3 0.340325
4 0.367668
5 0.377159
6 0.330676
7 0.435532
8 0.349217
9 0.349284
10 0.379432
11 0.350919
12 0.363314
13 0.346696
14 0.365125
15 0.369527
16 0.355477
17 0.372564
18 0.329111
19 0.391095
20 0.385819
21 0.334769
22 0.354484
23 0.364305
24 0.372247
25 0.337056
26 0.360469
27 0.34679
28 0.413813
29 0.328466

Geração 22

EXTERNO, INTERNO e N de FEATURES
0 0.420168 0.427306 626
1 0.445378 0.422784 625
2 0.4261 0.421255 635
3 0.442412 0.436559 619
4 0.441918 0.423899 616
5 0.435492 0.442143 619
6 0.458725 0.430874 636
7 0.425111 0.416791 621
8 0.408304 0.414816 626
9 0.447355 0.421209 641
10 0.419179 0.409388 638
11 0.423134 0.425285 626
12 0.445378 0.417723 627
13 0.444884 0.453888 639
14 0.420168 0.423731 624
15 0.423628 0.434917 617
16 0.450816 0.417448 626
17 0.446861 0.414471 617
18 0.421157 0.416655 610
19 0.424617 0.429242 614
20 0.428077 0.421734 621
21 0.453287 0.434846 628
22 0.420662 0.418784 624
23 0.443401 0.4266 606
24 0.417202 0.417912 630
25 0.445872 0.437194 619
26 0.450816 0.425322 638
27 0.449333 0.413523 630
28 0.472071 0.417423 636
29 0.437963 0.430666 639
PRECISAO DO ENSEMBLE 0.482452
0 0.357623
1 0.393416
2 0.341181
3 0.411456
4 0.380809
5 0.347648
6 0.377653
7 0.327623
8 0.352633
9 0.375582
10 0.354778
11 0.319001
12 0.350805
13 0.388729
14 0.378557
15 0.373022
16 0.351258
17 0.348863
18 0.343964
19 0.376731
20 0.338614
21 0.391121
22 0.383137
23 0.381384
24 0.343788
25 0.35054
26 0.34571
27 0.354177
28 0.393767
29 0.394243

Geração 23

EXTERNO, INTERNO e N de FEATURES
0 0.435492 0.421688 631
1 0.42956 0.433021 636
2 0.432032 0.428888 642
3 0.44785 0.425307 656
4 0.43302 0.428225 632
5 0.417202 0.440181 642
6 0.436975 0.428561 636
7 0.437469 0.43054 630
8 0.450816 0.42858 644
9 0.435492 0.441804 638
10 0.435986 0.41981 641
11 0.4261 0.422689 628
12 0.456747 0.431415 652
13 0.440929 0.432255 626
14 0.429066 0.42743 658
15 0.429066 0.420903 630
16 0.424123 0.434313 640
17 0.465645 0.424718 651
18 0.474048 0.431897 652
19 0.425606 0.427726 639
20 0.436975 0.432621 640
21 0.44439 0.428443 639
22 0.440435 0.432204 643
23 0.440435 0.428151 645
24 0.444884 0.42913 637
25 0.470588 0.425736 641
26 0.451804 0.434234 642
27 0.44439 0.420618 644
28 0.430054 0.425268 632
29 0.431043 0.437374 640
PRECISAO DO ENSEMBLE 0.468117
0 0.337795
1 0.362959
2 0.392492
3 0.3247
4 0.352162
5 0.394049
6 0.38204
7 0.398255
8 0.359559
9 0.375955
10 0.394704
11 0.366793
12 0.386427
13 0.384417
14 0.378197
15 0.329194
16 0.374741
17 0.350507
18 0.390584
19 0.376555
20 0.400634
21 0.417387
22 0.366162
23 0.371165
24 0.41172
25 0.385139
26 0.345418
27 0.344103
28 0.378665
29 0.394233

Geração 24

EXTERNO, INTERNO e N de FEATURES
0 0.440929 0.451244 638
1 0.456747 0.433661 632
2 0.438458 0.436814 656
3 0.451804 0.428182 649
4 0.430549 0.442147 630
5 0.450321 0.436836 649
6 0.413248 0.4318 642
7 0.44785 0.425928 646
8 0.45823 0.423534 639
9 0.433515 0.441867 646
10 0.432032 0.429498 652
11 0.449333 0.43205 640
12 0.43302 0.425925 636
13 0.442907 0.42419 621
14 0.449827 0.43361 641
15 0.425606 0.438396 646
16 0.44785 0.445554 636
17 0.430549 0.43173 647
18 0.449827 0.423052 651
19 0.469105 0.421102 642
20 0.440929 0.423786 638
21 0.442412 0.427638 640
22 0.434009 0.426134 629
23 0.439941 0.431792 653
24 0.431537 0.433405 647
25 0.438458 0.41812 633
26 0.452793 0.428445 646
27 0.430549 0.432887 643
28 0.410282 0.428741 636
29 0.440929 0.419124 652
PRECISAO DO ENSEMBLE 0.492338
0 0.380891
1 0.37593
2 0.397244
3 0.371839
4 0.357277
5 0.406546
6 0.331918
7 0.363699
8 0.367386
9 0.41506
10 0.367249
11 0.378078
12 0.413985
13 0.353095
14 0.332406
15 0.424601
16 0.397949
17 0.414437
18 0.402751
19 0.360975
20 0.339001
21 0.351397
22 0.421338
23 0.383336
24 0.373425
25 0.342718
26 0.40367
27 0.369285
28 0.388257
29 0.402865

Geração 25

EXTERNO, INTERNO e N de FEATURES
0 0.427088 0.438498 647
1 0.448344 0.427554 652
2 0.433515 0.425589 653
3 0.446367 0.437286 652
4 0.438458 0.436752 644
5 0.447355 0.438851 658
6 0.438458 0.436487 655
7 0.450321 0.431293 647
8 0.455759 0.429616 645
9 0.431537 0.416044 652
10 0.415225 0.420469 652
11 0.44785 0.434682 661
12 0.441424 0.421505 651
13 0.438952 0.421607 659
14 0.423134 0.423004 646
15 0.440435 0.427548 653
16 0.45131 0.433137 639
17 0.423134 0.419219 633
18 0.454276 0.424051 653
19 0.445378 0.426118 646
20 0.442412 0.424411 650
21 0.438952 0.426528 657
22 0.440435 0.434994 657
23 0.446367 0.421099 648
24 0.463174 0.422422 666
25 0.431537 0.444709 652
26 0.450816 0.43342 646
27 0.431537 0.430081 645
28 0.450321 0.426933 659
29 0.434998 0.421401 645
PRECISAO DO ENSEMBLE 0.48344
0 0.336332
1 0.376198
2 0.384534
3 0.358819
4 0.380106
5 0.359584
6 0.411357
7 0.401935
8 0.392928
9 0.344551
10 0.347416
11 0.421056
12 0.356165
13 0.37688
14 0.406482
15 0.359015
16 0.374085
17 0.358184
18 0.399129
19 0.371211
20 0.355165
21 0.369537
22 0.417698
23 0.399327
24 0.400858
25 0.395427
26 0.380276
27 0.37983
28 0.372438
29 0.370711

Geração 26

EXTERNO, INTERNO e N de FEATURES
0 0.425606 0.42349 633
1 0.438952 0.418504 641
2 0.44785 0.423119 658
3 0.432526 0.419515 649
4 0.455759 0.430616 644
5 0.442907 0.429501 642
6 0.412259 0.419854 653
7 0.44439 0.464618 642
8 0.438458 0.432417 646
9 0.445378 0.430201 639
10 0.4261 0.432011 645
11 0.416214 0.412513 646
12 0.431537 0.423334 650
13 0.430054 0.426581 647
14 0.437963 0.42724 641
15 0.416708 0.432996 650
16 0.431043 0.423494 649
17 0.43302 0.425616 647
18 0.413248 0.416784 635
19 0.465645 0.432219 661
20 0.4261 0.432142 660
21 0.435492 0.424086 646
22 0.439941 0.433545 639
23 0.44439 0.431252 637
24 0.438952 0.416411 648
25 0.453287 0.434342 646
26 0.434998 0.427564 637
27 0.428077 0.440205 657
28 0.432032 0.43919 642
29 0.457242 0.429996 645
PRECISAO DO ENSEMBLE 0.471083
0 0.347211
1 0.34601
2 0.346889
3 0.396814
4 0.394419
5 0.335875
6 0.35376
7 0.396547
8 0.35694
9 0.377716
10 0.397729
11 0.34952
12 0.362966
13 0.391071
14 0.361291
15 0.416666
16 0.371374
17 0.405595
18 0.333542
19 0.363998
20 0.413527
21 0.410347
22 0.411471
23 0.429344
24 0.407803
25 0.403819
26 0.384772
27 0.347902
28 0.359142
29 0.35674

Geração 27

EXTERNO, INTERNO e N de FEATURES
0 0.45477 0.431127 652
1 0.43648 0.422455 644
2 0.433515 0.430058 645
3 0.428077 0.42345 644
4 0.415225 0.419108 649
5 0.456747 0.436771 632
6 0.467622 0.434063 645
7 0.449827 0.43783 656
8 0.454276 0.441231 642
9 0.432032 0.431826 646
10 0.431043 0.42039 640
11 0.43648 0.439481 638
12 0.439941 0.431019 649
13 0.45477 0.444872 648
14 0.421651 0.428012 644
15 0.440929 0.433976 638
16 0.433515 0.430172 654
17 0.443401 0.4211 642
18 0.448838 0.42633 645
19 0.459219 0.450225 628
20 0.424123 0.430863 636
21 0.435986 0.428725 649
22 0.419179 0.422474 645
23 0.421651 0.423686 644
24 0.44785 0.431974 653
25 0.45477 0.434248 640
26 0.42956 0.437914 650
27 0.423134 0.420562 652
28 0.431043 0.431658 637
29 0.446367 0.428216 641
PRECISAO DO ENSEMBLE 0.463668
0 0.360037
1 0.386323
2 0.365499
3 0.393906
4 0.38202
5 0.388712
6 0.37347
7 0.42776
8 0.395263
9 0.43944
10 0.395484
11 0.431688
12 0.34487
13 0.385689
14 0.382833
15 0.371701
16 0.382029
17 0.391601
18 0.340843
19 0.386094
20 0.417475
21 0.416143
22 0.35896
23 0.391047
24 0.465843
25 0.377553
26 0.406816
27 0.381524
28 0.402786
29 0.374205

Geração 28

EXTERNO, INTERNO e N de FEATURES
0 0.463668 0.440051 661
1 0.450321 0.422649 634
2 0.472565 0.423072 657
3 0.4261 0.425888 625
4 0.443895 0.436229 630
5 0.423628 0.425982 651
6 0.423628 0.427892 636
7 0.44785 0.435633 647
8 0.445872 0.42617 641
9 0.445872 0.431017 639
10 0.44785 0.429049 637
11 0.419179 0.434526 647
12 0.45823 0.433833 658
13 0.446861 0.434782 643
14 0.426594 0.423015 637
15 0.441424 0.428107 633
16 0.444884 0.419922 646
17 0.457736 0.434317 639
18 0.443401 0.42944 641
19 0.457242 0.422565 645
20 0.445378 0.446747 633
21 0.45477 0.426791 643
22 0.455759 0.42698 650
23 0.433515 0.433695 642
24 0.452793 0.428442 646
25 0.435986 0.426685 642
26 0.432032 0.442918 641
27 0.43648 0.420178 632
28 0.430549 0.429724 635
29 0.435492 0.422007 640
PRECISAO DO ENSEMBLE 0.487395
0 0.380133
1 0.415861
2 0.351163
3 0.369179
4 0.357655
5 0.377217
6 0.375068
7 0.39664
8 0.387845
9 0.376412
10 0.411798
11 0.354361
12 0.412948
13 0.38864
14 0.39082
15 0.362243
16 0.354747
17 0.370695
18 0.382522
19 0.367371
20 0.376996
21 0.352439
22 0.371941
23 0.369481
24 0.418116
25 0.413607
26 0.383049
27 0.366797
28 0.370157
29 0.385001

Geração 29

EXTERNO, INTERNO e N de FEATURES
0 0.413248 0.428972 637
1 0.427088 0.422835 647
2 0.430549 0.425176 641
3 0.423628 0.417604 659
4 0.43302 0.417218 642
5 0.446861 0.422765 654
6 0.42956 0.424756 640
7 0.410776 0.415938 637
8 0.462679 0.434358 660
9 0.450321 0.432623 641
10 0.460208 0.436038 652
11 0.439941 0.425279 643
12 0.444884 0.41895 644
13 0.438458 0.422954 642
14 0.4261 0.430455 632
15 0.431043 0.430784 648
16 0.460702 0.440824 653
17 0.42264 0.439332 640
18 0.427583 0.420457 642
19 0.441918 0.425059 647
20 0.430549 0.447976 628
21 0.453287 0.428364 630
22 0.42264 0.423841 633
23 0.424617 0.418251 644
24 0.43648 0.421171 649
25 0.427088 0.421397 639
26 0.430549 0.419812 638
27 0.433515 0.41682 641
28 0.416214 0.419696 639
29 0.434503 0.421102 647
PRECISAO DO ENSEMBLE 0.479486
0 0.390175
1 0.398727
2 0.36645
3 0.385879
4 0.392276
5 0.355891
6 0.362712
7 0.345288
8 0.405944
9 0.374901
10 0.409328
11 0.378747
12 0.353981
13 0.411391
14 0.335477
15 0.338255
16 0.370785
17 0.339331
18 0.354093
19 0.350582
20 0.351772
21 0.385316
22 0.414513
23 0.363704
24 0.398821
25 0.416577
26 0.340246
27 0.355395
28 0.364907
29 0.364873

Geração 30

EXTERNO, INTERNO e N de FEATURES
0 0.459713 0.443376 644
1 0.443895 0.42594 638
2 0.440435 0.436822 648
3 0.446367 0.431253 663
4 0.456253 0.429477 658
5 0.441424 0.453543 651
6 0.449827 0.436006 655
7 0.445378 0.425587 637
8 0.434503 0.431555 640
9 0.461196 0.442979 651
10 0.448344 0.428209 646
11 0.460208 0.43334 639
12 0.43302 0.428114 655
13 0.432032 0.425864 642
14 0.446367 0.430864 633
15 0.470588 0.44784 646
16 0.461691 0.431395 643
17 0.472565 0.432624 650
18 0.445872 0.42696 639
19 0.445872 0.424873 642
20 0.467128 0.441921 651
21 0.458725 0.437944 648
22 0.413742 0.437538 656
23 0.463668 0.448264 651
24 0.438952 0.425031 638
25 0.442907 0.421494 640
26 0.425111 0.444773 642
27 0.443401 0.440641 648
28 0.434009 0.436041 648
29 0.440435 0.421951 642
PRECISAO DO ENSEMBLE 0.485418
0 0.350943
1 0.371517
2 0.398158
3 0.452132
4 0.395312
5 0.442093
6 0.437832
7 0.384998
8 0.384364
9 0.461207
10 0.37127
11 0.359071
12 0.429218
13 0.407863
14 0.413134
15 0.43069
16 0.356909
17 0.403307
18 0.347994
19 0.405463
20 0.414613
21 0.419415
22 0.341063
23 0.405691
24 0.374714
25 0.362471
26 0.364568
27 0.413076
28 0.381583
29 0.321676

Geração 31

EXTERNO, INTERNO e N de FEATURES
0 0.470094 0.426391 658
1 0.448344 0.421384 648
2 0.45131 0.428332 641
3 0.424123 0.422218 646
4 0.442412 0.426292 644
5 0.433515 0.416123 647
6 0.409293 0.429045 632
7 0.429066 0.433907 651
8 0.421651 0.432628 650
9 0.412259 0.421593 656
10 0.4261 0.420743 646
11 0.44785 0.429775 641
12 0.429066 0.425474 641
13 0.457736 0.422773 635
14 0.418685 0.415424 627
15 0.431043 0.433701 651
16 0.41127 0.418722 639
17 0.437469 0.433584 654
18 0.458725 0.432613 643
19 0.423628 0.427245 634
20 0.453782 0.429162 642
21 0.448344 0.421218 648
22 0.439446 0.427024 649
23 0.463668 0.425915 650
24 0.443401 0.428032 651
25 0.434009 0.435999 666
26 0.434503 0.422002 645
27 0.442907 0.420805 651
28 0.425606 0.424615 651
29 0.431043 0.431053 638
PRECISAO DO ENSEMBLE 0.483935
0 0.379789
1 0.358649
2 0.365026
3 0.32703
4 0.391697
5 0.389465
6 0.340471
7 0.366236
8 0.335913
9 0.37012
10 0.360995
11 0.391042
12 0.353994
13 0.340027
14 0.374807
15 0.370049
16 0.330502
17 0.316487
18 0.403234
19 0.366442
20 0.353797
21 0.376037
22 0.406649
23 0.393169
24 0.415254
25 0.395585
26 0.346208
27 0.364615
28 0.382787
29 0.352708

Geração 32

EXTERNO, INTERNO e N de FEATURES
0 0.445872 0.424993 651
1 0.442907 0.433873 629
2 0.424123 0.417649 644
3 0.442907 0.441429 635
4 0.437469 0.41854 643
5 0.440435 0.430124 638
6 0.411765 0.434565 632
7 0.472071 0.423924 651
8 0.439941 0.427454 660
9 0.476026 0.435884 631
10 0.440929 0.435087 633
11 0.430549 0.418313 644
12 0.418685 0.424379 647
13 0.427088 0.428434 637
14 0.440435 0.428441 645
15 0.430549 0.418561 631
16 0.452299 0.432722 633
17 0.453782 0.429537 640
18 0.434009 0.432056 645
19 0.430054 0.428846 638
20 0.456747 0.423289 644
21 0.428077 0.432113 641
22 0.439941 0.439092 649
23 0.425111 0.416791 635
24 0.419674 0.437314 644
25 0.445872 0.429338 628
26 0.441918 0.428374 639
27 0.426594 0.431531 644
28 0.429066 0.44362 637
29 0.456253 0.423832 637
PRECISAO DO ENSEMBLE 0.467622
0 0.347252
1 0.44225
2 0.317737
3 0.425378
4 0.383588
5 0.383899
6 0.387587
7 0.37853
8 0.357398
9 0.384996
10 0.366943
11 0.400242
12 0.394391
13 0.365101
14 0.331327
15 0.371759
16 0.390875
17 0.379684
18 0.330058
19 0.366486
20 0.415422
21 0.381134
22 0.36623
23 0.346438
24 0.345635
25 0.370232
26 0.396154
27 0.357629
28 0.324993
29 0.384035

Geração 33

EXTERNO, INTERNO e N de FEATURES
0 0.447355 0.423077 638
1 0.448344 0.417364 631
2 0.441424 0.431414 634
3 0.464656 0.443832 641
4 0.446861 0.422648 644
5 0.454276 0.428118 641
6 0.44785 0.427093 631
7 0.430549 0.44254 634
8 0.420168 0.441089 633
9 0.457736 0.426229 643
10 0.435986 0.428221 642
11 0.452793 0.422989 636
12 0.438458 0.426131 641
13 0.466634 0.432776 646
14 0.421157 0.417011 627
15 0.435986 0.420705 634
16 0.453287 0.419957 626
17 0.436975 0.431403 645
18 0.44439 0.420973 628
19 0.446861 0.424851 643
20 0.434503 0.426966 633
21 0.451804 0.426694 659
22 0.445378 0.428521 635
23 0.424617 0.428832 631
24 0.432526 0.439887 634
25 0.408799 0.429791 630
26 0.443895 0.435313 633
27 0.434503 0.423436 650
28 0.438458 0.424064 633
29 0.470588 0.422058 650
PRECISAO DO ENSEMBLE 0.509639
0 0.382771
1 0.360778
2 0.325597
3 0.32232
4 0.389433
5 0.382113
6 0.403195
7 0.358245
8 0.340463
9 0.37424
10 0.378147
11 0.318317
12 0.359052
13 0.447046
14 0.358279
15 0.369209
16 0.374233
17 0.361144
18 0.373547
19 0.382464
20 0.343442
21 0.359767
22 0.371343
23 0.353366
24 0.353987
25 0.404792
26 0.383401
27 0.334878
28 0.365506
29 0.366852

Geração 34

EXTERNO, INTERNO e N de FEATURES
0 0.435492 0.437516 646
1 0.434009 0.432691 643
2 0.443895 0.432415 656
3 0.447355 0.432016 653
4 0.446367 0.424766 649
5 0.47306 0.418267 658
6 0.446367 0.432107 651
7 0.470588 0.440665 646
8 0.45477 0.427405 670
9 0.44785 0.432489 645
10 0.471083 0.438859 662
11 0.449827 0.423846 656
12 0.452299 0.439335 632
13 0.454276 0.418925 660
14 0.40089 0.423091 653
15 0.449333 0.432318 647
16 0.442907 0.442002 647
17 0.462679 0.435418 646
18 0.469105 0.430322 653
19 0.455759 0.435978 653
20 0.490361 0.438301 644
21 0.445872 0.452651 654
22 0.440435 0.4257 646
23 0.472071 0.434105 650
24 0.455264 0.430879 645
25 0.427088 0.431801 644
26 0.440435 0.451159 630
27 0.435986 0.439299 657
28 0.481957 0.434707 651
29 0.448344 0.452764 643
PRECISAO DO ENSEMBLE 0.512605
0 0.363499
1 0.350681
2 0.339086
3 0.347698
4 0.360493
5 0.429987
6 0.36593
7 0.377051
8 0.395282
9 0.372707
10 0.362209
11 0.364221
12 0.412017
13 0.360003
14 0.336852
15 0.385002
16 0.384831
17 0.369914
18 0.389507
19 0.372906
20 0.369016
21 0.359237
22 0.364917
23 0.39776
24 0.342144
25 0.372664
26 0.32657
27 0.378822
28 0.387828
29 0.441017

Geração 35

EXTERNO, INTERNO e N de FEATURES
0 0.452299 0.436859 658
1 0.432032 0.438325 641
2 0.449827 0.43295 645
3 0.432526 0.434541 636
4 0.459219 0.426031 649
5 0.457736 0.442426 638
6 0.429066 0.441326 636
7 0.43648 0.448712 645
8 0.452299 0.427341 654
9 0.449333 0.425776 655
10 0.434998 0.430335 632
11 0.45823 0.428073 641
12 0.447355 0.420377 642
13 0.434998 0.435124 651
14 0.44439 0.430517 640
15 0.442907 0.428816 641
16 0.434998 0.446608 627
17 0.453287 0.437269 650
18 0.471577 0.439774 651
19 0.442412 0.427242 648
20 0.472071 0.435039 657
21 0.417202 0.434004 649
22 0.441918 0.426673 637
23 0.431043 0.429668 631
24 0.457736 0.436415 638
25 0.441918 0.419088 651
26 0.442907 0.438602 651
27 0.45131 0.429431 636
28 0.45477 0.428249 646
29 0.449333 0.419618 629
PRECISAO DO ENSEMBLE 0.490855
0 0.395091
1 0.376215
2 0.406638
3 0.371271
4 0.394742
5 0.381728
6 0.390037
7 0.353957
8 0.363706
9 0.393489
10 0.353595
11 0.365509
12 0.378671
13 0.386512
14 0.379824
15 0.385914
16 0.39131
17 0.413034
18 0.428864
19 0.371144
20 0.413751
21 0.36594
22 0.394361
23 0.374873
24 0.367276
25 0.35336
26 0.408017
27 0.355348
28 0.342373
29 0.370105

Geração 36

EXTERNO, INTERNO e N de FEATURES
0 0.448838 0.428742 637
1 0.432032 0.451365 621
2 0.437469 0.431126 634
3 0.45477 0.448123 633
4 0.43302 0.420385 648
5 0.443401 0.449964 646
6 0.449827 0.420163 644
7 0.45131 0.432051 616
8 0.448344 0.437923 633
9 0.451804 0.425245 617
10 0.436975 0.420327 630
11 0.442412 0.436922 634
12 0.434009 0.435916 621
13 0.455264 0.429749 622
14 0.441424 0.43896 623
15 0.446367 0.436233 634
16 0.452793 0.431141 614
17 0.424617 0.421124 615
18 0.434998 0.417884 628
19 0.421157 0.437888 638
20 0.4261 0.437966 626
21 0.439941 0.433966 635
22 0.42956 0.424182 630
23 0.445378 0.436303 637
24 0.434503 0.438773 625
25 0.446861 0.437354 623
26 0.427088 0.422462 626
27 0.442412 0.440404 614
28 0.448344 0.439128 638
29 0.446861 0.429618 623
PRECISAO DO ENSEMBLE 0.492338
0 0.388691
1 0.385855
2 0.386028
3 0.35075
4 0.334246
5 0.385895
6 0.378506
7 0.356583
8 0.39297
9 0.353585
10 0.364295
11 0.397006
12 0.366873
13 0.393761
14 0.386958
15 0.385453
16 0.388848
17 0.335159
18 0.398674
19 0.383629
20 0.369874
21 0.36024
22 0.395743
23 0.347293
24 0.355607
25 0.353144
26 0.349555
27 0.386973
28 0.361161
29 0.381533

Geração 37

EXTERNO, INTERNO e N de FEATURES
0 0.413742 0.435591 613
1 0.449333 0.417276 635
2 0.446861 0.432486 614
3 0.44439 0.436378 640
4 0.430549 0.420791 597
5 0.44785 0.431316 628
6 0.432032 0.445799 617
7 0.415225 0.421093 644
8 0.456747 0.423013 635
9 0.427583 0.441276 619
10 0.418685 0.428262 618
11 0.449333 0.427354 626
12 0.440929 0.432632 632
13 0.455264 0.435578 648
14 0.445378 0.44359 631
15 0.42956 0.438797 630
16 0.440929 0.432986 621
17 0.403856 0.429556 628
18 0.422145 0.418578 633
19 0.43302 0.42703 628
20 0.446367 0.432393 621
21 0.417202 0.422954 619
22 0.440435 0.418437 613
23 0.420168 0.429103 631
24 0.430054 0.432121 606
25 0.434009 0.434779 610
26 0.40781 0.42635 628
27 0.431043 0.422664 624
28 0.432526 0.450451 620
29 0.427583 0.435909 611
PRECISAO DO ENSEMBLE 0.453287
0 0.401684
1 0.391279
2 0.379922
3 0.394218
4 0.371971
5 0.373312
6 0.363928
7 0.383696
8 0.382584
9 0.356718
10 0.342772
11 0.389452
12 0.377158
13 0.355696
14 0.447781
15 0.357268
16 0.391697
17 0.338511
18 0.360837
19 0.391083
20 0.340613
21 0.378094
22 0.359019
23 0.324423
24 0.362075
25 0.380262
26 0.356526
27 0.349181
28 0.327076
29 0.377863

Geração 38

EXTERNO, INTERNO e N de FEATURES
0 0.436975 0.442015 608
1 0.424123 0.422573 610
2 0.438458 0.433895 626
3 0.44785 0.428704 609
4 0.419674 0.435598 619
5 0.453782 0.438342 608
6 0.43648 0.41719 624
7 0.428571 0.428697 608
8 0.443401 0.41992 624
9 0.459713 0.426738 618
10 0.436975 0.425954 611
11 0.446367 0.445695 616
12 0.412259 0.420482 612
13 0.437469 0.441737 599
14 0.454276 0.449129 616
15 0.42264 0.424862 615
16 0.434998 0.444823 620
17 0.434998 0.424325 618
18 0.438458 0.434167 620
19 0.440929 0.4321 611
20 0.443895 0.428625 627
21 0.420168 0.426021 614
22 0.441424 0.445349 614
23 0.438458 0.445131 622
24 0.435986 0.429621 610
25 0.433515 0.428483 616
26 0.421157 0.425236 628
27 0.44439 0.434108 615
28 0.448838 0.446203 600
29 0.428571 0.422147 608
PRECISAO DO ENSEMBLE 0.468117
0 0.424238
1 0.341203
2 0.42291
3 0.372715
4 0.354589
5 0.408718
6 0.322958
7 0.354309
8 0.370095
9 0.356436
10 0.367749
11 0.380704
12 0.332343
13 0.41148
14 0.386392
15 0.409446
16 0.382948
17 0.385581
18 0.367019
19 0.372821
20 0.389229
21 0.356635
22 0.42323
23 0.40867
24 0.354214
25 0.369709
26 0.367493
27 0.385791
28 0.357771
29 0.369553

Geração 39

EXTERNO, INTERNO e N de FEATURES
0 0.421157 0.422859 614
1 0.408304 0.422693 603
2 0.42956 0.420587 607
3 0.401878 0.425421 627
4 0.443895 0.444065 619
5 0.451804 0.429096 608
6 0.431537 0.441006 607
7 0.410776 0.427348 622
8 0.43648 0.425807 613
9 0.45477 0.425206 609
10 0.428077 0.429976 615
11 0.423134 0.430419 602
12 0.418685 0.423417 620
13 0.412753 0.432504 608
14 0.434998 0.439747 618
15 0.431537 0.43438 615
16 0.435986 0.43021 618
17 0.44439 0.430942 615
18 0.447355 0.437563 612
19 0.417202 0.426429 622
20 0.44439 0.429063 611
21 0.450321 0.43751 614
22 0.435986 0.422413 592
23 0.442412 0.434763 603
24 0.423628 0.430095 614
25 0.430549 0.432687 613
26 0.450816 0.424392 613
27 0.427088 0.42997 617
28 0.414236 0.428457 617
29 0.45131 0.447082 610
PRECISAO DO ENSEMBLE 0.444884
0 0.384152
1 0.334983
2 0.348975
3 0.370002
4 0.348428
5 0.398352
6 0.354123
7 0.399419
8 0.367831
9 0.396731
10 0.360911
11 0.349187
12 0.346057
13 0.395978
14 0.388332
15 0.360975
16 0.337146
17 0.350842
18 0.335077
19 0.356109
20 0.36946
21 0.359335
22 0.358252
23 0.365865
24 0.351376
25 0.343895
26 0.38734
27 0.374805
28 0.378271
29 0.400792

Geração 40

EXTERNO, INTERNO e N de FEATURES
0 0.434503 0.438948 608
1 0.443895 0.431153 623
2 0.428571 0.416884 603
3 0.407316 0.436998 604
4 0.459219 0.426265 590
5 0.449333 0.430633 610
6 0.415225 0.436986 613
7 0.430054 0.423921 613
8 0.429066 0.427686 614
9 0.43302 0.434593 604
10 0.450816 0.428015 609
11 0.421157 0.430004 611
12 0.420168 0.422385 620
13 0.455759 0.436866 612
14 0.440435 0.427969 629
15 0.432032 0.420908 615
16 0.417696 0.434998 607
17 0.436975 0.432842 611
18 0.431537 0.441951 604
19 0.438458 0.428208 616
20 0.445872 0.428847 616
21 0.445378 0.428094 618
22 0.446367 0.447552 613
23 0.439446 0.428039 615
24 0.431043 0.416255 613
25 0.415225 0.438256 613
26 0.423134 0.414799 609
27 0.424123 0.424093 622
28 0.412259 0.422702 618
29 0.427088 0.427779 614
PRECISAO DO ENSEMBLE 0.483935
0 0.380739
1 0.337481
2 0.350933
3 0.361254
4 0.380664
5 0.395356
6 0.358193
7 0.358944
8 0.351676
9 0.350054
10 0.412443
11 0.375229
12 0.343576
13 0.40541
14 0.362131
15 0.38336
16 0.336481
17 0.347388
18 0.383507
19 0.346758
20 0.358236
21 0.410431
22 0.364363
23 0.393306
24 0.405742
25 0.369965
26 0.351215
27 0.34417
28 0.335895
29 0.349551

Geração 41

EXTERNO, INTERNO e N de FEATURES
0 0.431043 0.428958 619
1 0.438458 0.42696 630
2 0.419179 0.429684 614
3 0.42956 0.426405 620
4 0.427583 0.454359 618
5 0.424617 0.41655 622
6 0.449333 0.440349 612
7 0.419179 0.431835 629
8 0.462679 0.426901 613
9 0.450321 0.435351 618
10 0.425111 0.422354 616
11 0.441918 0.435648 613
12 0.420662 0.430402 633
13 0.45477 0.423865 603
14 0.43648 0.432686 607
15 0.432526 0.427945 616
16 0.441918 0.424885 614
17 0.438458 0.430911 608
18 0.47306 0.424907 615
19 0.456253 0.428653 614
20 0.449333 0.431866 604
21 0.465645 0.422643 620
22 0.40089 0.427057 622
23 0.440929 0.427547 610
24 0.425606 0.443765 617
25 0.426594 0.428724 616
26 0.414731 0.42439 615
27 0.446367 0.426936 625
28 0.425606 0.418197 623
29 0.441918 0.424642 627
PRECISAO DO ENSEMBLE 0.47652
0 0.387287
1 0.367581
2 0.349505
3 0.378514
4 0.416523
5 0.391195
6 0.39947
7 0.305299
8 0.377871
9 0.332568
10 0.317239
11 0.410222
12 0.385601
13 0.419169
14 0.345464
15 0.411808
16 0.377136
17 0.431751
18 0.407679
19 0.389083
20 0.40867
21 0.396537
22 0.414956
23 0.386974
24 0.399913
25 0.365488
26 0.375266
27 0.410717
28 0.355693
29 0.343211

Geração 42

EXTERNO, INTERNO e N de FEATURES
0 0.450816 0.430202 629
1 0.437469 0.428136 629
2 0.43648 0.424053 636
3 0.438458 0.424853 624
4 0.43648 0.455487 620
5 0.450321 0.428817 631
6 0.43302 0.415244 617
7 0.443401 0.435426 640
8 0.443895 0.422191 617
9 0.444884 0.428457 628
10 0.449827 0.42848 621
11 0.432526 0.439455 624
12 0.431043 0.4336 608
13 0.424617 0.429325 632
14 0.425606 0.435634 618
15 0.451804 0.428927 626
16 0.431537 0.439467 624
17 0.441918 0.437398 620
18 0.432032 0.425457 627
19 0.449333 0.433164 627
20 0.416214 0.418834 630
21 0.436975 0.425959 634
22 0.463174 0.420275 627
23 0.453287 0.414337 633
24 0.436975 0.439671 624
25 0.445378 0.438839 639
26 0.450321 0.417457 636
27 0.442907 0.433143 621
28 0.455264 0.427765 637
29 0.441918 0.427176 629
PRECISAO DO ENSEMBLE 0.478497
0 0.330489
1 0.416422
2 0.328818
3 0.436164
4 0.354624
5 0.374432
6 0.392116
7 0.392271
8 0.348325
9 0.41952
10 0.393621
11 0.382687
12 0.382607
13 0.38683
14 0.36944
15 0.383645
16 0.391087
17 0.382009
18 0.347108
19 0.390066
20 0.376966
21 0.349602
22 0.389427
23 0.414422
24 0.368133
25 0.399382
26 0.362793
27 0.374087
28 0.3767
29 0.375499

Geração 43

EXTERNO, INTERNO e N de FEATURES
0 0.42264 0.423943 631
1 0.453287 0.430801 636
2 0.439941 0.439325 628
3 0.468117 0.42848 620
4 0.446367 0.420149 636
5 0.4261 0.437757 626
6 0.452299 0.4329 635
7 0.425606 0.433829 632
8 0.454276 0.435836 619
9 0.4261 0.42316 628
10 0.45823 0.42999 630
11 0.43648 0.420638 653
12 0.423628 0.42221 640
13 0.428077 0.446944 611
14 0.442412 0.431036 635
15 0.438458 0.425317 620
16 0.451804 0.428974 640
17 0.459713 0.423302 630
18 0.406822 0.43442 632
19 0.440435 0.424077 643
20 0.428571 0.430613 645
21 0.430549 0.434989 615
22 0.430549 0.419283 629
23 0.438458 0.426727 640
24 0.424123 0.436798 620
25 0.44785 0.435703 625
26 0.453287 0.424461 632
27 0.441424 0.428631 619
28 0.43302 0.428825 625
29 0.438952 0.427913 640
PRECISAO DO ENSEMBLE 0.481957
0 0.362136
1 0.380492
2 0.384826
3 0.382147
4 0.406372
5 0.338891
6 0.388345
7 0.350627
8 0.353515
9 0.353094
10 0.367246
11 0.391659
12 0.339726
13 0.400236
14 0.362662
15 0.407223
16 0.400192
17 0.39243
18 0.365049
19 0.391297
20 0.392746
21 0.381734
22 0.382645
23 0.360719
24 0.390946
25 0.419626
26 0.388344
27 0.378676
28 0.418461
29 0.417117

Geração 44

EXTERNO, INTERNO e N de FEATURES
0 0.422145 0.42713 639
1 0.425111 0.421009 638
2 0.44439 0.439063 642
3 0.411765 0.421042 634
4 0.43648 0.428788 643
5 0.430054 0.427186 639
6 0.425606 0.428605 640
7 0.45131 0.43635 635
8 0.419674 0.42658 636
9 0.421157 0.413524 642
10 0.420662 0.435145 641
11 0.439941 0.434447 643
12 0.415719 0.428591 639
13 0.410282 0.424689 635
14 0.439446 0.434384 636
15 0.442907 0.435193 640
16 0.437469 0.424764 631
17 0.42956 0.430986 642
18 0.438952 0.441756 641
19 0.411765 0.430118 639
20 0.430549 0.447167 634
21 0.419179 0.447403 640
22 0.437469 0.425652 640
23 0.425606 0.436763 636
24 0.428571 0.426935 622
25 0.418685 0.428543 644
26 0.432526 0.42783 637
27 0.435492 0.434832 643
28 0.421157 0.44348 641
29 0.402867 0.429853 651
PRECISAO DO ENSEMBLE 0.462185
0 0.365911
1 0.341034
2 0.399735
3 0.329388
4 0.394093
5 0.408588
6 0.355509
7 0.384044
8 0.334299
9 0.327514
10 0.350076
11 0.387055
12 0.324927
13 0.310829
14 0.413853
15 0.424756
16 0.384607
17 0.375711
18 0.405553
19 0.373838
20 0.437157
21 0.364327
22 0.36202
23 0.370338
24 0.342096
25 0.375491
26 0.352197
27 0.375776
28 0.3791
29 0.379148

Geração 45

EXTERNO, INTERNO e N de FEATURES
0 0.438952 0.439311 647
1 0.433515 0.420153 659
2 0.442412 0.421915 664
3 0.434998 0.414413 648
4 0.458725 0.422814 656
5 0.453782 0.440355 654
6 0.44785 0.435916 662
7 0.434009 0.429254 643
8 0.451804 0.438691 645
9 0.437469 0.431625 653
10 0.419674 0.427024 649
11 0.45823 0.428732 663
12 0.424123 0.422738 652
13 0.450816 0.433756 638
14 0.416708 0.424879 654
15 0.448838 0.421109 648
16 0.443895 0.434192 657
17 0.44439 0.444279 652
18 0.464656 0.44639 667
19 0.438952 0.439489 650
20 0.428077 0.426242 652
21 0.431537 0.417084 657
22 0.457736 0.421356 658
23 0.420662 0.415163 651
24 0.40089 0.423285 650
25 0.431537 0.423738 651
26 0.434998 0.425645 654
27 0.451804 0.42469 657
28 0.440435 0.420274 653
29 0.470588 0.426522 657
PRECISAO DO ENSEMBLE 0.499259
0 0.368623
1 0.328704
2 0.346597
3 0.365631
4 0.378976
5 0.346144
6 0.366883
7 0.369392
8 0.368963
9 0.400229
10 0.33484
11 0.360129
12 0.363073
13 0.38412
14 0.326268
15 0.365753
16 0.389726
17 0.339398
18 0.36951
19 0.409375
20 0.34134
21 0.369493
22 0.355588
23 0.358798
24 0.366198
25 0.357047
26 0.350439
27 0.369186
28 0.36453
29 0.399315

Geração 46

EXTERNO, INTERNO e N de FEATURES
0 0.463668 0.43456 664
1 0.441918 0.427389 650
2 0.461691 0.425361 658
3 0.441424 0.419788 644
4 0.445378 0.423967 665
5 0.425111 0.431057 653
6 0.450321 0.425801 660
7 0.427583 0.429907 662
8 0.456747 0.425853 663
9 0.460702 0.437667 661
10 0.437469 0.433688 651
11 0.456747 0.430794 650
12 0.424617 0.419889 659
13 0.447355 0.418387 650
14 0.433515 0.419821 661
15 0.439446 0.431952 657
16 0.448838 0.426728 658
17 0.460702 0.433618 653
18 0.456747 0.427428 660
19 0.41127 0.428325 655
20 0.415719 0.433583 653
21 0.437963 0.420625 661
22 0.443401 0.438126 650
23 0.449333 0.419923 652
24 0.468117 0.426454 666
25 0.450321 0.429476 651
26 0.45477 0.440551 654
27 0.448838 0.425748 670
28 0.440435 0.429252 659
29 0.45477 0.436818 648
PRECISAO DO ENSEMBLE 0.498764
0 0.372147
1 0.382268
2 0.360363
3 0.381093
4 0.405881
5 0.395899
6 0.385474
7 0.395412
8 0.395088
9 0.368454
10 0.368086
11 0.371065
12 0.373812
13 0.328993
14 0.37548
15 0.36989
16 0.377713
17 0.337905
18 0.376453
19 0.340038
20 0.348399
21 0.374185
22 0.382709
23 0.39555
24 0.393007
25 0.347786
26 0.411075
27 0.385078
28 0.366017
29 0.364448

Geração 47

EXTERNO, INTERNO e N de FEATURES
0 0.443895 0.430937 653
1 0.435986 0.432326 644
2 0.434009 0.438134 646
3 0.435986 0.412146 651
4 0.440929 0.427793 651
5 0.440435 0.431122 646
6 0.453782 0.425068 642
7 0.434503 0.418429 654
8 0.423134 0.433136 630
9 0.449827 0.441488 635
10 0.438458 0.423674 652
11 0.44439 0.409273 678
12 0.453782 0.423005 650
13 0.453287 0.414931 640
14 0.44785 0.420456 647
15 0.460208 0.421444 647
16 0.43648 0.419427 651
17 0.446861 0.445411 646
18 0.442907 0.425268 652
19 0.442907 0.423449 643
20 0.45131 0.430957 639
21 0.414731 0.423124 648
22 0.438458 0.433952 650
23 0.476026 0.429499 638
24 0.443895 0.415113 653
25 0.449827 0.429693 637
26 0.440929 0.42565 653
27 0.420662 0.419349 648
28 0.442412 0.426661 650
29 0.445872 0.424004 653
PRECISAO DO ENSEMBLE 0.495304
0 0.348411
1 0.393177
2 0.37768
3 0.391345
4 0.369932
5 0.369654
6 0.355658
7 0.34892
8 0.358077
9 0.389865
10 0.374297
11 0.33954
12 0.394307
13 0.409051
14 0.352674
15 0.381738
16 0.351476
17 0.386597
18 0.384584
19 0.362937
20 0.392096
21 0.337955
22 0.365328
23 0.338513
24 0.335715
25 0.384965
26 0.35341
27 0.339539
28 0.334942
29 0.351042

Geração 48

EXTERNO, INTERNO e N de FEATURES
0 0.445872 0.420505 659
1 0.434009 0.424225 669
2 0.440435 0.425917 645
3 0.43648 0.429669 661
4 0.452793 0.433998 656
5 0.417202 0.417552 650
6 0.440929 0.424398 656
7 0.453782 0.424235 649
8 0.434503 0.432596 671
9 0.434998 0.418566 649
10 0.426594 0.411137 659
11 0.453782 0.424931 644
12 0.413742 0.417975 647
13 0.403856 0.417267 657
14 0.453782 0.43925 657
15 0.399407 0.423608 655
16 0.456747 0.429704 657
17 0.435492 0.436528 651
18 0.450816 0.425334 646
19 0.443895 0.427807 665
20 0.42956 0.41832 655
21 0.434009 0.422563 638
22 0.422145 0.423441 668
23 0.42956 0.433665 657
24 0.438952 0.430137 658
25 0.424617 0.425007 664
26 0.44439 0.429864 655
27 0.424123 0.421355 665
28 0.459219 0.431448 655
29 0.427583 0.439839 649
PRECISAO DO ENSEMBLE 0.474048
0 0.42657
1 0.335441
2 0.345959
3 0.347125
4 0.393191
5 0.34779
6 0.33364
7 0.370976
8 0.380045
9 0.384895
10 0.392138
11 0.367592
12 0.391854
13 0.360768
14 0.37958
15 0.323314
16 0.430338
17 0.377325
18 0.39269
19 0.367303
20 0.412761
21 0.347552
22 0.349319
23 0.320436
24 0.384843
25 0.369628
26 0.385758
27 0.41799
28 0.39123
29 0.407177

Geração 49

EXTERNO, INTERNO e N de FEATURES
0 0.465645 0.427409 633
1 0.424123 0.412541 657
2 0.450321 0.421345 656
3 0.471083 0.423003 650
4 0.450321 0.422041 651
5 0.437963 0.448462 650
6 0.429066 0.430347 653
7 0.458725 0.434526 654
8 0.443401 0.420584 651
9 0.431043 0.416194 650
10 0.421651 0.423004 640
11 0.443895 0.41697 663
12 0.451804 0.422076 658
13 0.428571 0.415972 654
14 0.421157 0.432955 651
15 0.458725 0.427452 641
16 0.442907 0.427211 640
17 0.479486 0.428865 641
18 0.449827 0.436734 639
19 0.438458 0.430762 653
20 0.477014 0.425465 660
21 0.43648 0.421655 649
22 0.434009 0.428397 648
23 0.434998 0.426749 644
24 0.428571 0.417485 637
25 0.440929 0.419017 652
26 0.44439 0.427414 663
27 0.454276 0.42504 652
28 0.419674 0.402301 643
29 0.439446 0.42054 645
PRECISAO DO ENSEMBLE 0.486901
0 0.40331
1 0.37349
2 0.391204
3 0.396746
4 0.353419
5 0.390542
6 0.367846
7 0.40223
8 0.404347
9 0.35226
10 0.342444
11 0.364842
12 0.377498
13 0.403857
14 0.347989
15 0.418703
16 0.377407
17 0.361215
18 0.385624
19 0.348575
20 0.339778
21 0.407124
22 0.371765
23 0.378894
24 0.397358
25 0.382035
26 0.36995
27 0.389934
28 0.2899
29 0.376309

Geração 50

EXTERNO, INTERNO e N de FEATURES
0 0.437469 0.419687 638
1 0.429066 0.429406 654
2 0.453782 0.420794 642
3 0.43302 0.429343 648
4 0.425111 0.411732 656
5 0.429066 0.426542 643
6 0.4261 0.431097 642
7 0.443401 0.411722 652
8 0.396441 0.422413 640
9 0.435986 0.426479 647
10 0.43302 0.415494 635
11 0.435986 0.4208 629
12 0.41127 0.422343 647
13 0.44785 0.419315 645
14 0.421157 0.423627 637
15 0.432032 0.425036 658
16 0.437963 0.430701 661
17 0.441424 0.42025 652
18 0.411765 0.409521 652
19 0.43648 0.411632 648
20 0.448838 0.418291 639
21 0.447355 0.414999 647
22 0.449333 0.42898 656
23 0.422145 0.440511 651
24 0.440435 0.414519 637
25 0.434009 0.428873 649
26 0.44439 0.419064 644
27 0.413742 0.423119 640
28 0.450816 0.422561 629
29 0.418191 0.42234 642
PRECISAO DO ENSEMBLE 0.486406
0 0.375322
1 0.346218
2 0.413907
3 0.363994
4 0.321459
5 0.375953
6 0.394792
7 0.358371
8 0.341465
9 0.312098
10 0.361237
11 0.327488
12 0.352271
13 0.374163
14 0.403712
15 0.394263
16 0.348504
17 0.409481
18 0.333448
19 0.346687
20 0.378476
21 0.392826
22 0.392003
23 0.36445
24 0.397834
25 0.339776
26 0.325568
27 0.346697
28 0.421429
29 0.329544

