Carregando documentos....
2023 documentos carregados com 1311 termos.
Experimento 1
Taxa de mutação de 0.05 e num de pais 2
Geração 1

EXTERNO, INTERNO e N de FEATURES
0 0.326248 0.580922 125
1 0.352941 0.4662 284
2 0.372714 0.435585 405
3 0.430549 0.435852 504
4 0.438458 0.427246 633
5 0.448344 0.417519 793
6 0.498764 0.404895 932
7 0.515077 0.427508 1030
8 0.492338 0.417549 1184
9 0.304993 0.570715 120
10 0.370737 0.469481 259
11 0.431537 0.469608 378
12 0.408304 0.426972 531
13 0.430054 0.418173 655
14 0.464656 0.424747 811
15 0.459713 0.412155 929
16 0.507168 0.437696 1058
17 0.484923 0.420898 1172
18 0.267425 0.55006 143
19 0.359862 0.469847 285
20 0.40435 0.428776 407
21 0.431043 0.445714 502
22 0.455264 0.427363 663
23 0.45477 0.415661 756
24 0.461196 0.42086 927
25 0.504202 0.431506 1029
26 0.502719 0.415645 1171
27 0.32872 0.57039 139
28 0.370242 0.476524 269
29 0.405833 0.451473 392
30 0.436975 0.449788 508
31 0.440929 0.434728 660
32 0.488878 0.43913 757
33 0.47998 0.424709 940
34 0.472071 0.42908 1064
35 0.493327 0.420395 1165
36 0.290163 0.552436 129
37 0.346515 0.466479 287
38 0.403856 0.443092 411
39 0.394464 0.425226 524
40 0.436975 0.431422 663
41 0.506179 0.435055 803
42 0.488384 0.429235 935
43 0.465151 0.411066 1057
44 0.479486 0.423783 1177
45 0.336134 0.555184 132
46 0.355907 0.483841 269
47 0.425606 0.448221 397
48 0.446861 0.442291 522
49 0.448344 0.439188 658
50 0.450816 0.423661 736
51 0.505685 0.411534 952
52 0.490361 0.418522 1027
53 0.496787 0.412906 1188
54 0.283243 0.539388 139
55 0.398913 0.472522 277
56 0.369254 0.438641 383
57 0.438952 0.446101 510
58 0.470094 0.415496 677
59 0.466634 0.420436 802
60 0.504696 0.426122 966
61 0.480969 0.409846 1015
62 0.480475 0.417454 1182
63 0.290657 0.554384 131
64 0.351953 0.453817 266
65 0.390509 0.439693 387
66 0.428571 0.437207 497
67 0.456747 0.428832 657
68 0.491844 0.432216 811
69 0.462185 0.420596 931
70 0.493327 0.422795 1046
71 0.509639 0.429502 1172
72 0.286209 0.595308 115
73 0.331191 0.472636 257
74 0.387049 0.436746 414
75 0.452793 0.442198 562
76 0.448838 0.426541 659
77 0.476026 0.442292 775
78 0.473554 0.432865 921
79 0.485912 0.42195 1035
80 0.499753 0.437814 1173
81 0.299061 0.574084 121
82 0.336629 0.46574 273
83 0.392981 0.442089 396
84 0.466139 0.437253 536
85 0.42956 0.440717 629
86 0.455264 0.445377 787
87 0.493821 0.429109 913
88 0.47652 0.422517 1018
89 0.507168 0.424775 1185
90 0.291152 0.541462 132
91 0.360356 0.475306 261
92 0.427583 0.467217 369
93 0.430054 0.437579 549
94 0.437469 0.428771 653
95 0.485418 0.42828 775
96 0.474543 0.414124 925
97 0.506179 0.425583 1051
98 0.490361 0.423988 1189
99 0.324765 0.55472 147
PRECISAO DO ENSEMBLE 0.579338
Qualidade, diversidade e fitness por particao
0 0.938156 0.0535941 0.986205
1 0.947772 0.0449246 0.910307
2 0.949704 0.0446131 0.908402
3 0.954457 0.041078 0.877885
4 0.957228 0.0413397 0.881763
5 0.957413 0.0406882 0.875781
6 0.962 0.0400803 0.872487
7 0.964774 0.0381676 0.85608
8 0.959719 0.040611 0.876256
9 0.943384 0.0487259 0.943497
10 0.949002 0.0443967 0.906019
11 0.952921 0.0436894 0.901452
12 0.953445 0.0426587 0.892107
13 0.956673 0.041128 0.8795
14 0.959496 0.0400249 0.870672
15 0.956824 0.0414557 0.882636
16 0.963566 0.0394812 0.867709
17 0.964326 0.0389654 0.86329
18 0.938184 0.0529815 0.980505
19 0.948777 0.0449278 0.910858
20 0.95452 0.0420526 0.887011
21 0.955276 0.0423865 0.890518
22 0.956633 0.0414441 0.882428
23 0.957959 0.0409201 0.878227
24 0.958135 0.0403527 0.873025
25 0.963958 0.039092 0.864281
26 0.960853 0.0394649 0.866151
27 0.939799 0.0533737 0.984999
28 0.946859 0.0467644 0.926999
29 0.952361 0.0427347 0.892255
30 0.953557 0.0433359 0.898484
31 0.95378 0.0428064 0.893659
32 0.95772 0.040969 0.878559
33 0.96117 0.0394618 0.866287
34 0.958526 0.041294 0.882009
35 0.962924 0.0395055 0.867603
36 0.939708 0.0511538 0.964243
37 0.948708 0.0453008 0.914302
38 0.951403 0.0433341 0.897351
39 0.953337 0.042266 0.888388
40 0.955823 0.0416782 0.884193
41 0.957914 0.040581 0.875041
42 0.961726 0.039269 0.864776
43 0.960115 0.0397016 0.867977
44 0.963447 0.0391219 0.864296
45 0.943775 0.048508 0.941667
46 0.946735 0.0464266 0.923783
47 0.952579 0.0432686 0.897349
48 0.954798 0.0424951 0.891283
49 0.955719 0.0416484 0.883861
50 0.958971 0.0405973 0.87574
51 0.959884 0.0402985 0.873425
52 0.963485 0.0398829 0.871414
53 0.961233 0.0394881 0.866565
54 0.942698 0.0481464 0.937735
55 0.951906 0.0429541 0.894066
56 0.948283 0.0446459 0.907972
57 0.953313 0.0437701 0.902408
58 0.958313 0.0407006 0.876363
59 0.95873 0.0406101 0.875734
60 0.962895 0.0401944 0.874014
61 0.96119 0.03989 0.870292
62 0.961578 0.0405207 0.876377
63 0.940451 0.0512506 0.965531
64 0.946035 0.0464385 0.923531
65 0.951994 0.042949 0.894064
66 0.954629 0.0417092 0.883864
67 0.958279 0.0400222 0.870016
68 0.95821 0.0407155 0.876448
69 0.95906 0.04016 0.871707
70 0.961085 0.0397811 0.869221
71 0.963114 0.0395428 0.86805
72 0.940057 0.0516241 0.968811
73 0.945631 0.0463016 0.922044
74 0.950504 0.044082 0.903862
75 0.956323 0.0422701 0.889974
76 0.955562 0.0416851 0.884122
77 0.960091 0.0398627 0.869467
78 0.957902 0.0403796 0.873155
79 0.962356 0.0398223 0.870264
80 0.962295 0.0395704 0.867883
81 0.939757 0.0528223 0.979834
82 0.945182 0.0462231 0.921079
83 0.951136 0.0435977 0.899672
84 0.955319 0.0408119 0.875849
85 0.955284 0.0419604 0.886546
86 0.958757 0.0408446 0.877937
87 0.961436 0.0392374 0.86433
88 0.958778 0.0407805 0.87735
89 0.961036 0.0398712 0.870036
90 0.942274 0.0487495 0.943141
91 0.947033 0.0455112 0.915397
92 0.95323 0.0423159 0.888798
93 0.953014 0.0435246 0.899963
94 0.957395 0.0411438 0.880022
95 0.958618 0.040756 0.877038
96 0.960819 0.0390451 0.862216
97 0.964481 0.0388437 0.862235
98 0.959365 0.0399991 0.870364
99 0.943885 0.0498376 0.954128

Criterio externo aleatoriamente
10 0.526446
20 0.539298
30 0.566485
40 0.54869
50 0.581809
60 0.564508
70 0.564508
80 0.577855
90 0.578349
100 0.579338

Ensembles com porcentagem dos melhores
10 0.405833
20 0.509145
30 0.522986
40 0.518537
50 0.538309
60 0.549184
70 0.560059
80 0.557588
90 0.55561
100 0.579338

Experimento 2
Taxa de mutação de 0.05 e num de pais 2
Geração 1

EXTERNO, INTERNO e N de FEATURES
0 0.285714 0.551637 135
1 0.359367 0.466554 242
2 0.38606 0.465668 382
3 0.452299 0.435384 522
4 0.44439 0.425605 652
5 0.452793 0.422796 767
6 0.475037 0.409012 938
7 0.47306 0.430304 1046
8 0.516065 0.417518 1177
9 0.26693 0.553152 128
10 0.348987 0.475644 237
11 0.395947 0.432647 386
12 0.439941 0.431572 508
13 0.416708 0.428998 664
14 0.486406 0.41891 766
15 0.468611 0.41197 920
16 0.491349 0.417061 1054
17 0.50173 0.410955 1157
18 0.267919 0.539389 131
19 0.366288 0.475465 256
20 0.416708 0.447523 394
21 0.43302 0.418894 494
22 0.441424 0.441646 640
23 0.475037 0.416862 786
24 0.50519 0.433081 902
25 0.486406 0.432296 1077
26 0.502224 0.418374 1183
27 0.29214 0.569897 130
28 0.351458 0.471918 268
29 0.392486 0.445375 379
30 0.42956 0.431353 554
31 0.474543 0.432177 668
32 0.449827 0.426371 816
33 0.482946 0.423086 927
34 0.480475 0.437547 1065
35 0.509145 0.423688 1184
36 0.280277 0.545029 138
37 0.366782 0.474191 243
38 0.399407 0.431124 442
39 0.430054 0.447814 526
40 0.44785 0.428151 643
41 0.47306 0.423177 801
42 0.443401 0.414107 904
43 0.472565 0.418935 1031
44 0.481463 0.437477 1174
45 0.318339 0.564159 120
46 0.326742 0.471479 271
47 0.400395 0.434715 382
48 0.403856 0.423979 539
49 0.438952 0.424597 652
50 0.461691 0.422565 802
51 0.483935 0.436334 916
52 0.475037 0.410545 1042
53 0.519525 0.419913 1175
54 0.304004 0.545279 129
55 0.360356 0.473455 259
56 0.425606 0.461472 372
57 0.429066 0.437484 558
58 0.446861 0.421668 644
59 0.465645 0.419526 760
60 0.499259 0.410891 881
61 0.505685 0.42096 1069
62 0.489867 0.413147 1180
63 0.302521 0.551065 130
64 0.334157 0.4617 266
65 0.380129 0.434391 377
66 0.439446 0.432836 523
67 0.424123 0.42163 683
68 0.485912 0.431007 795
69 0.487889 0.43445 904
70 0.474048 0.419974 1074
71 0.492832 0.431955 1184
72 0.314879 0.560996 126
73 0.358873 0.49332 248
74 0.431043 0.436625 401
75 0.425111 0.448336 531
76 0.4696 0.420848 683
77 0.466634 0.448095 808
78 0.500741 0.427628 933
79 0.464162 0.417288 1070
80 0.492338 0.421296 1187
81 0.33218 0.550075 138
82 0.340583 0.473273 271
83 0.385072 0.444924 403
84 0.433515 0.439672 535
85 0.484429 0.437373 669
86 0.470588 0.416068 766
87 0.484429 0.42341 902
88 0.500247 0.423226 1077
89 0.495798 0.416696 1184
90 0.333169 0.563385 137
91 0.384577 0.47154 268
92 0.449827 0.445131 410
93 0.441918 0.453621 508
94 0.47998 0.429827 679
95 0.458725 0.437846 770
96 0.514088 0.422471 920
97 0.486406 0.417429 1050
98 0.490855 0.415092 1178
99 0.299555 0.564606 122
PRECISAO DO ENSEMBLE 0.567474
Qualidade, diversidade e fitness por particao
0 0.943555 0.0495325 0.967095
1 0.949535 0.0456854 0.932999
2 0.952211 0.044214 0.920158
3 0.957331 0.0415493 0.897048
4 0.955634 0.0420881 0.901379
5 0.959112 0.0407624 0.890363
6 0.960461 0.0406112 0.889599
7 0.965147 0.0402644 0.888671
8 0.966258 0.0380616 0.867951
9 0.94237 0.0505391 0.976213
10 0.949697 0.0453682 0.930016
11 0.95445 0.0421859 0.901711
12 0.957382 0.0415785 0.897357
13 0.955818 0.0426925 0.907316
14 0.961914 0.0389466 0.874258
15 0.961885 0.0389801 0.874568
16 0.965726 0.0378315 0.865451
17 0.965381 0.0388523 0.875141
18 0.940182 0.0516394 0.985718
19 0.951568 0.0440702 0.918436
20 0.955798 0.0422141 0.902681
21 0.958941 0.0404229 0.886992
22 0.957671 0.0418362 0.899998
23 0.961384 0.0395318 0.879641
24 0.964971 0.0387505 0.873945
25 0.962891 0.0399077 0.884055
26 0.964127 0.0381657 0.867854
27 0.941963 0.0509203 0.979687
28 0.950407 0.0457979 0.934537
29 0.95274 0.0440635 0.918977
30 0.956303 0.0421675 0.902492
31 0.960008 0.0406549 0.889787
32 0.959977 0.0405139 0.888407
33 0.962332 0.0394805 0.879636
34 0.963914 0.0404442 0.889771
35 0.964547 0.0390333 0.876459
36 0.94273 0.0506603 0.97757
37 0.949611 0.0453336 0.929636
38 0.952119 0.0437141 0.915279
39 0.955055 0.0433765 0.913534
40 0.959602 0.0399423 0.882687
41 0.960945 0.0394972 0.87908
42 0.960985 0.0393848 0.878014
43 0.963653 0.038906 0.874766
44 0.963282 0.0389336 0.874841
45 0.942778 0.051721 0.98785
46 0.948455 0.0458609 0.934136
47 0.951975 0.0439247 0.917239
48 0.957308 0.0412754 0.894388
49 0.957393 0.0411622 0.893337
50 0.963494 0.0392785 0.878284
51 0.96233 0.0402156 0.886741
52 0.960777 0.0402881 0.886639
53 0.964724 0.0386205 0.87256
54 0.944735 0.048371 0.956477
55 0.950957 0.0458436 0.935264
56 0.955622 0.0432731 0.912828
57 0.955296 0.0425908 0.906064
58 0.956933 0.0413026 0.894457
59 0.961724 0.0398353 0.882752
60 0.962884 0.0390353 0.875618
61 0.964999 0.03911 0.877435
62 0.96306 0.0392979 0.878248
63 0.942577 0.0507319 0.978184
64 0.948286 0.0453919 0.929515
65 0.949815 0.0450363 0.926868
66 0.955799 0.0417779 0.898465
67 0.957921 0.0412534 0.894493
68 0.963062 0.0396449 0.881603
69 0.963042 0.040026 0.885277
70 0.963304 0.0398569 0.883777
71 0.964175 0.0398501 0.884162
72 0.944491 0.0491214 0.963605
73 0.950577 0.0451673 0.928529
74 0.953851 0.0426231 0.905628
75 0.958359 0.0413 0.89517
76 0.959586 0.0407441 0.890431
77 0.95993 0.0412292 0.895298
78 0.96478 0.0395973 0.882032
79 0.964142 0.0391596 0.877471
80 0.964698 0.0382703 0.869161
81 0.94755 0.0468564 0.943292
82 0.949452 0.0447266 0.923686
83 0.95215 0.0435748 0.913948
84 0.954916 0.0426208 0.906157
85 0.961101 0.0406115 0.889933
86 0.961181 0.0393857 0.878124
87 0.963631 0.0398017 0.883413
88 0.963598 0.0398331 0.8837
89 0.964297 0.039817 0.883907
90 0.944128 0.0493872 0.965987
91 0.951356 0.0441901 0.919485
92 0.955039 0.0425132 0.90518
93 0.95652 0.041824 0.899284
94 0.960734 0.0395523 0.879504
95 0.961351 0.0398766 0.882958
96 0.962465 0.0401225 0.885911
97 0.96572 0.0384332 0.871265
98 0.963757 0.0407451 0.892599
99 0.945428 0.0489825 0.962747

Criterio externo aleatoriamente
10 0.531883
20 0.556599
30 0.553139
40 0.559071
50 0.575383
60 0.560554
70 0.56352
80 0.561048
90 0.565497
100 0.567474

Ensembles com porcentagem dos melhores
10 0.383094
20 0.471083
30 0.52002
40 0.537815
50 0.556105
60 0.532378
70 0.554128
80 0.554128
90 0.557588
100 0.567474

Experimento 3
Taxa de mutação de 0.05 e num de pais 2
Geração 1

EXTERNO, INTERNO e N de FEATURES
0 0.344538 0.569321 151
1 0.381611 0.468948 288
2 0.396935 0.437674 392
3 0.424123 0.441112 574
4 0.474048 0.435164 664
5 0.481463 0.426977 797
6 0.500741 0.433009 893
7 0.474543 0.422156 1040
8 0.514088 0.429696 1175
9 0.305487 0.555444 138
10 0.389521 0.478999 254
11 0.414731 0.457699 403
12 0.439941 0.440696 538
13 0.455759 0.426771 662
14 0.492338 0.423947 780
15 0.475531 0.421693 906
16 0.48344 0.412091 1036
17 0.476026 0.414996 1193
18 0.260504 0.594998 103
19 0.358873 0.457487 267
20 0.419674 0.453965 394
21 0.413248 0.433552 479
22 0.452299 0.419884 653
23 0.45823 0.432483 757
24 0.44785 0.410073 926
25 0.508651 0.430391 1039
26 0.481463 0.419314 1202
27 0.289174 0.558848 127
28 0.339595 0.478201 270
29 0.425606 0.446471 372
30 0.446367 0.450055 515
31 0.463174 0.440479 632
32 0.442412 0.411153 788
33 0.45477 0.419848 953
34 0.500741 0.436164 1060
35 0.501236 0.426531 1178
36 0.301532 0.558643 133
37 0.374691 0.482961 256
38 0.371725 0.430429 380
39 0.452299 0.439404 547
40 0.448344 0.436307 644
41 0.478497 0.42438 797
42 0.470094 0.433414 927
43 0.47306 0.417973 1021
44 0.538309 0.415779 1173
45 0.299555 0.585361 121
46 0.380129 0.479231 241
47 0.404844 0.454265 375
48 0.417202 0.438172 546
49 0.433515 0.419848 661
50 0.469105 0.413765 782
51 0.453782 0.407402 901
52 0.515077 0.419447 1049
53 0.508156 0.43845 1191
54 0.299555 0.568687 128
55 0.373702 0.471974 272
56 0.399901 0.442186 409
57 0.394958 0.436298 464
58 0.44439 0.422211 647
59 0.487889 0.417328 784
60 0.480475 0.415334 936
61 0.498764 0.419435 1032
62 0.486901 0.409206 1173
63 0.282748 0.580914 121
64 0.329214 0.457422 273
65 0.374691 0.447877 402
66 0.440929 0.435643 519
67 0.480475 0.439077 665
68 0.504202 0.41458 791
69 0.466634 0.423633 917
70 0.471577 0.421379 1067
71 0.513099 0.417168 1172
72 0.315373 0.557785 133
73 0.344043 0.469912 244
74 0.384083 0.446657 383
75 0.423134 0.432886 547
76 0.469105 0.443215 655
77 0.447355 0.416791 773
78 0.485912 0.420787 907
79 0.493327 0.428745 1058
80 0.495304 0.410618 1185
81 0.330203 0.552784 144
82 0.305981 0.471353 253
83 0.43302 0.457615 388
84 0.418191 0.43378 534
85 0.443895 0.428942 645
86 0.457242 0.413052 802
87 0.486901 0.414803 904
88 0.506179 0.426768 1034
89 0.486406 0.41881 1183
90 0.294612 0.56107 131
91 0.388038 0.461846 263
92 0.378151 0.432841 393
93 0.466139 0.440116 559
94 0.434998 0.416443 641
95 0.460208 0.427546 787
96 0.467128 0.409025 903
97 0.482946 0.419132 1066
98 0.498764 0.409339 1189
99 0.286209 0.54324 133
PRECISAO DO ENSEMBLE 0.579832
Qualidade, diversidade e fitness por particao
0 0.943571 0.0506269 0.91762
1 0.951512 0.0440152 0.865738
2 0.95285 0.042836 0.856445
3 0.956333 0.0420478 0.851574
4 0.959039 0.0401567 0.83696
5 0.961254 0.0400996 0.837623
6 0.959978 0.0411305 0.845693
7 0.963769 0.0388416 0.828272
8 0.964455 0.039921 0.837769
9 0.944075 0.0486773 0.90137
10 0.948798 0.046394 0.884478
11 0.955357 0.0416111 0.84737
12 0.956469 0.0413704 0.845907
13 0.9577 0.0407902 0.841631
14 0.960006 0.0394163 0.83119
15 0.959616 0.0408082 0.842776
16 0.96381 0.038849 0.828356
17 0.964131 0.038627 0.826642
18 0.933841 0.059037 0.983807
19 0.948426 0.0450196 0.872646
20 0.952918 0.0431455 0.859101
21 0.954647 0.0416028 0.846931
22 0.958916 0.0405659 0.840361
23 0.958763 0.0404934 0.839668
24 0.9612 0.0390608 0.828797
25 0.963164 0.0398601 0.836585
26 0.962601 0.0396041 0.834125
27 0.946134 0.046366 0.882861
28 0.948844 0.045092 0.873476
29 0.9549 0.0419476 0.849982
30 0.956465 0.0421149 0.85221
31 0.958379 0.0409929 0.843699
32 0.956835 0.0413299 0.845753
33 0.960419 0.0401832 0.837898
34 0.961285 0.0406233 0.842074
35 0.963136 0.0394375 0.832991
36 0.944826 0.0482303 0.897973
37 0.949874 0.044348 0.867708
38 0.950078 0.0441784 0.866377
39 0.956861 0.0415471 0.847607
40 0.957581 0.0418695 0.850711
41 0.962031 0.0389479 0.828271
42 0.960477 0.0403205 0.839092
43 0.960378 0.0399739 0.836105
44 0.962335 0.0395374 0.833422
45 0.937925 0.0548287 0.950282
46 0.951494 0.0432839 0.859535
47 0.95184 0.0430054 0.857356
48 0.956204 0.0430568 0.860052
49 0.95737 0.0407082 0.840765
50 0.958816 0.0400182 0.835671
51 0.960315 0.0398477 0.835003
52 0.961969 0.0393899 0.831983
53 0.961952 0.040065 0.837692
54 0.94409 0.0483411 0.89853
55 0.949764 0.0454081 0.87663
56 0.953415 0.042795 0.85639
57 0.951511 0.0444279 0.869233
58 0.957137 0.0413885 0.846407
59 0.959391 0.0401602 0.837171
60 0.961992 0.0390637 0.829232
61 0.962957 0.0391159 0.830174
62 0.963873 0.0386663 0.826841
63 0.93753 0.0550135 0.951643
64 0.948502 0.0446859 0.869859
65 0.952257 0.0433537 0.860522
66 0.956292 0.0419586 0.850797
67 0.959413 0.0405827 0.840761
68 0.960939 0.0397057 0.834124
69 0.959199 0.0407586 0.84214
70 0.960702 0.0393599 0.831072
71 0.964756 0.0386017 0.826752
72 0.943618 0.0496513 0.909382
73 0.948375 0.0461787 0.882437
74 0.951347 0.0435349 0.861586
75 0.957456 0.0411439 0.8445
76 0.959584 0.0400677 0.836488
77 0.958257 0.0411067 0.8446
78 0.961447 0.0405116 0.841213
79 0.963158 0.0399594 0.837422
80 0.965096 0.0383204 0.824546
81 0.945325 0.0484092 0.899746
82 0.945245 0.0477147 0.893823
83 0.954709 0.0424059 0.853765
84 0.955867 0.0419111 0.850175
85 0.956531 0.0418733 0.850198
86 0.959109 0.03993 0.835076
87 0.960576 0.0400098 0.836512
88 0.962066 0.0396013 0.833823
89 0.963685 0.0392305 0.831522
90 0.943193 0.0498992 0.911262
91 0.950562 0.0450326 0.873863
92 0.950351 0.0440842 0.865721
93 0.957885 0.0418355 0.85058
94 0.957342 0.0405028 0.839011
95 0.959248 0.0404054 0.839174
96 0.959764 0.0404853 0.840118
97 0.961784 0.0401888 0.838653
98 0.9628 0.0392031 0.830831
99 0.943422 0.0485907 0.900298

Criterio externo aleatoriamente
10 0.547207
20 0.553139
30 0.556105
40 0.551656
50 0.565497
60 0.575383
70 0.574889
80 0.575877
90 0.56698
100 0.579832

Ensembles com porcentagem dos melhores
10 0.396441
20 0.477014
30 0.491349
40 0.524963
50 0.544736
60 0.571429
70 0.570934
80 0.5739
90 0.561048
100 0.579832

Experimento 4
Taxa de mutação de 0.05 e num de pais 2
Geração 1

EXTERNO, INTERNO e N de FEATURES
0 0.298072 0.548736 125
1 0.354424 0.492875 259
2 0.415225 0.439925 391
3 0.403856 0.444289 533
4 0.441424 0.426295 652
5 0.499753 0.423626 808
6 0.496787 0.431677 901
7 0.478497 0.415839 1057
8 0.483935 0.417431 1194
9 0.309936 0.541913 144
10 0.376668 0.468855 271
11 0.388038 0.44223 394
12 0.408304 0.426014 539
13 0.467622 0.422335 646
14 0.464162 0.425138 785
15 0.478992 0.426399 889
16 0.496787 0.417844 1049
17 0.475037 0.414306 1184
18 0.278794 0.549651 151
19 0.370242 0.483203 228
20 0.452793 0.459144 414
21 0.405339 0.427068 499
22 0.479486 0.43885 636
23 0.461691 0.4137 771
24 0.49481 0.426306 910
25 0.464162 0.415418 1067
26 0.508651 0.434516 1173
27 0.311913 0.586782 127
28 0.367276 0.468537 265
29 0.417696 0.44342 439
30 0.466634 0.428524 534
31 0.462679 0.441947 646
32 0.470094 0.434993 753
33 0.485912 0.417574 945
34 0.510628 0.424229 1042
35 0.502719 0.414597 1194
36 0.286703 0.580507 128
37 0.359862 0.468997 255
38 0.403361 0.452807 415
39 0.421651 0.432752 544
40 0.417696 0.423378 675
41 0.496787 0.43796 779
42 0.459713 0.415416 882
43 0.466634 0.419423 1035
44 0.493327 0.42029 1175
45 0.309936 0.532191 152
46 0.340583 0.470246 258
47 0.413248 0.4453 405
48 0.412753 0.430186 534
49 0.448838 0.418463 661
50 0.468117 0.425616 775
51 0.521997 0.432648 904
52 0.485418 0.417783 1043
53 0.497281 0.408016 1183
54 0.260999 0.543127 145
55 0.390509 0.487621 274
56 0.38606 0.458039 381
57 0.445872 0.43757 493
58 0.416708 0.423641 655
59 0.470094 0.422756 798
60 0.517548 0.418301 914
61 0.463174 0.410293 1042
62 0.503707 0.422298 1162
63 0.304498 0.578644 125
64 0.369254 0.46879 279
65 0.418685 0.453668 403
66 0.450321 0.446313 496
67 0.453782 0.436088 639
68 0.497281 0.420066 784
69 0.459219 0.434492 935
70 0.481463 0.424183 1030
71 0.514088 0.428773 1163
72 0.287197 0.556464 120
73 0.344043 0.472585 259
74 0.437963 0.45975 402
75 0.417202 0.433659 509
76 0.453287 0.426026 662
77 0.453287 0.424496 769
78 0.479486 0.416361 919
79 0.470588 0.423055 1063
80 0.511616 0.412023 1186
81 0.305487 0.581146 118
82 0.342561 0.488228 252
83 0.401384 0.45739 397
84 0.452793 0.42913 518
85 0.463174 0.441622 642
86 0.497281 0.427072 806
87 0.503213 0.425979 913
88 0.484429 0.419504 1058
89 0.495798 0.422164 1188
90 0.345032 0.545771 146
91 0.340089 0.463703 269
92 0.417202 0.447574 416
93 0.449827 0.419094 545
94 0.435986 0.420675 658
95 0.467622 0.414531 800
96 0.476026 0.416787 908
97 0.49827 0.416227 1051
98 0.495304 0.415842 1186
99 0.297084 0.553511 134
PRECISAO DO ENSEMBLE 0.592684
Qualidade, diversidade e fitness por particao
0 0.940547 0.0524285 0.984525
1 0.949305 0.0451161 0.919711
2 0.953399 0.0422179 0.894345
3 0.953131 0.0435494 0.906835
4 0.955947 0.0420064 0.89366
5 0.95992 0.0404513 0.88097
6 0.959831 0.0408932 0.885115
7 0.960175 0.0407693 0.884118
8 0.963031 0.0386682 0.86567
9 0.943972 0.0488899 0.952739
10 0.946287 0.0465002 0.931274
11 0.952737 0.0429365 0.900819
12 0.953999 0.0424072 0.896452
13 0.959741 0.0400286 0.876868
14 0.959934 0.0393351 0.870391
15 0.959835 0.0401112 0.8777
16 0.962473 0.0390605 0.869102
17 0.960881 0.039345 0.870976
18 0.942118 0.0503957 0.96606
19 0.948382 0.0459841 0.927465
20 0.956455 0.04088 0.88324
21 0.953112 0.0428317 0.900018
22 0.957553 0.0414325 0.889049
23 0.958332 0.0406084 0.881637
24 0.960524 0.0403114 0.879956
25 0.959907 0.0397706 0.874507
26 0.96508 0.0384257 0.864432
27 0.942704 0.0504126 0.966524
28 0.950348 0.0444712 0.914135
29 0.954207 0.0422986 0.895529
30 0.958655 0.0396883 0.873078
31 0.959638 0.0403856 0.880201
32 0.959903 0.0400654 0.877301
33 0.959962 0.0404252 0.880744
34 0.963237 0.0384761 0.863955
35 0.962303 0.038811 0.866648
36 0.940339 0.0524183 0.984321
37 0.948814 0.0448754 0.917174
38 0.952473 0.0430652 0.901902
39 0.954536 0.0422622 0.895355
40 0.954274 0.042339 0.895948
41 0.961344 0.0401063 0.878435
42 0.957643 0.039894 0.874504
43 0.961475 0.0393551 0.871379
44 0.964267 0.0392302 0.871641
45 0.942176 0.0518851 0.980216
46 0.946946 0.0465028 0.931641
47 0.953066 0.0430601 0.902161
48 0.95477 0.0427199 0.899818
49 0.957857 0.0410902 0.88596
50 0.957763 0.04122 0.887142
51 0.962335 0.0391928 0.870285
52 0.962447 0.0389921 0.86844
53 0.962171 0.0386784 0.865321
54 0.939186 0.05272 0.986585
55 0.950071 0.0453973 0.922776
56 0.951867 0.0439125 0.909624
57 0.957198 0.04061 0.881065
58 0.956316 0.0414767 0.888828
59 0.9591 0.0400518 0.876756
60 0.963735 0.0397035 0.875854
61 0.962367 0.0393008 0.871326
62 0.961997 0.0401238 0.87894
63 0.942556 0.0497884 0.960527
64 0.950184 0.0447129 0.916343
65 0.952623 0.0436204 0.907245
66 0.956473 0.0418144 0.892112
67 0.958677 0.0397734 0.873897
68 0.958781 0.0400011 0.87611
69 0.959827 0.0396349 0.873179
70 0.961369 0.0396758 0.874365
71 0.963549 0.038909 0.868222
72 0.940241 0.0525532 0.985549
73 0.949032 0.0454855 0.923074
74 0.955057 0.0422873 0.895863
75 0.95348 0.0421626 0.893863
76 0.957527 0.0402794 0.8781
77 0.958923 0.0394849 0.871288
78 0.960825 0.0394322 0.871774
79 0.961327 0.0396131 0.873749
80 0.962789 0.0393906 0.872397
81 0.944523 0.0489503 0.953598
82 0.947729 0.0456514 0.923972
83 0.953168 0.0427655 0.899419
84 0.955592 0.0414764 0.888449
85 0.955488 0.0427239 0.900227
86 0.96057 0.040384 0.880668
87 0.962622 0.0387537 0.86627
88 0.96318 0.0389619 0.868533
89 0.961524 0.0396175 0.873893
90 0.948357 0.0471836 0.938828
91 0.947634 0.0468409 0.935204
92 0.953272 0.0425078 0.89703
93 0.955286 0.0417803 0.891173
94 0.957642 0.0404068 0.879367
95 0.957228 0.0405547 0.880556
96 0.959054 0.0407154 0.883026
97 0.961178 0.0393577 0.871249
98 0.961864 0.0388939 0.867206
99 0.944161 0.0478341 0.942824

Criterio externo aleatoriamente
10 0.54177
20 0.571923
30 0.56698
40 0.571923
50 0.571923
60 0.574889
70 0.575383
80 0.59219
90 0.579832
100 0.592684

Ensembles com porcentagem dos melhores
10 0.413742
20 0.471083
30 0.51656
40 0.547701
50 0.581315
60 0.568957
70 0.574889
80 0.582798
90 0.571923
100 0.592684

Experimento 5
Taxa de mutação de 0.05 e num de pais 2
Geração 1

EXTERNO, INTERNO e N de FEATURES
0 0.306476 0.576918 118
1 0.346021 0.465539 265
2 0.381611 0.436452 386
3 0.449333 0.444177 534
4 0.433515 0.425029 653
5 0.472071 0.437213 771
6 0.48344 0.429621 909
7 0.499753 0.417129 1028
8 0.503707 0.422985 1184
9 0.313396 0.568574 135
10 0.362827 0.490239 239
11 0.411765 0.45217 389
12 0.423628 0.434577 529
13 0.468117 0.428605 668
14 0.477509 0.431989 798
15 0.485418 0.423605 910
16 0.4696 0.435385 1037
17 0.485912 0.421419 1198
18 0.279288 0.543043 139
19 0.338606 0.465432 278
20 0.41127 0.455596 400
21 0.435492 0.450479 510
22 0.434503 0.4274 632
23 0.473554 0.429735 761
24 0.453782 0.424194 891
25 0.507662 0.423361 1056
26 0.502719 0.417671 1186
27 0.302521 0.558384 153
28 0.35739 0.47907 260
29 0.432526 0.445087 389
30 0.408799 0.42953 522
31 0.458725 0.424579 637
32 0.45477 0.425078 793
33 0.484429 0.417427 896
34 0.486901 0.416892 1045
35 0.502719 0.41868 1164
36 0.29214 0.532817 148
37 0.370242 0.466871 266
38 0.411765 0.450378 400
39 0.448838 0.451293 536
40 0.431043 0.435219 639
41 0.440435 0.424851 800
42 0.463174 0.428002 904
43 0.507168 0.41672 1064
44 0.493327 0.420808 1191
45 0.259021 0.543394 141
46 0.31389 0.476187 240
47 0.41127 0.447071 380
48 0.462679 0.431155 525
49 0.460208 0.422634 629
50 0.468117 0.431365 768
51 0.4696 0.423362 898
52 0.481463 0.42589 1066
53 0.51656 0.421141 1213
54 0.293129 0.553211 132
55 0.354918 0.46941 268
56 0.38606 0.446592 369
57 0.436975 0.424513 529
58 0.474048 0.43034 648
59 0.467622 0.420149 792
60 0.472071 0.425434 903
61 0.511122 0.432864 1050
62 0.491844 0.424445 1186
63 0.30351 0.584029 113
64 0.362333 0.476748 254
65 0.40781 0.450251 398
66 0.443401 0.426254 526
67 0.466139 0.427485 671
68 0.491844 0.444063 774
69 0.477509 0.417124 914
70 0.508156 0.425406 1045
71 0.495798 0.427625 1159
72 0.315868 0.538044 151
73 0.370242 0.476845 248
74 0.432032 0.460125 401
75 0.455759 0.438421 520
76 0.463668 0.422436 690
77 0.49481 0.433907 809
78 0.490855 0.436702 904
79 0.464656 0.412714 1036
80 0.491844 0.410373 1210
81 0.314879 0.54567 136
82 0.345032 0.476885 253
83 0.418191 0.442872 392
84 0.448838 0.431489 504
85 0.455264 0.425618 654
86 0.480475 0.429735 796
87 0.489372 0.420019 917
88 0.488384 0.431527 1039
89 0.490855 0.417889 1169
90 0.279288 0.552724 122
91 0.334652 0.481145 266
92 0.384577 0.45445 376
93 0.423628 0.441475 489
94 0.434009 0.43152 638
95 0.458725 0.423003 797
96 0.448838 0.422625 925
97 0.519031 0.423532 1045
98 0.502719 0.417099 1184
99 0.279783 0.576111 130
PRECISAO DO ENSEMBLE 0.568463
Qualidade, diversidade e fitness por particao
0 0.941685 0.0512092 0.964706
1 0.947082 0.0463713 0.92238
2 0.951929 0.0439381 0.902195
3 0.956093 0.0421385 0.887567
4 0.955352 0.0423511 0.889166
5 0.960938 0.040515 0.874933
6 0.960001 0.0400174 0.869808
7 0.963762 0.0404649 0.875926
8 0.963456 0.0398615 0.870141
9 0.942617 0.0513092 0.96612
10 0.95156 0.0437358 0.900119
11 0.951987 0.0435037 0.898175
12 0.95637 0.0418075 0.884624
13 0.960191 0.0407006 0.876278
14 0.959348 0.0414388 0.882725
15 0.960937 0.0402273 0.872249
16 0.962719 0.0400816 0.871812
17 0.963607 0.0395035 0.866881
18 0.940733 0.0511169 0.963353
19 0.947037 0.0467139 0.925552
20 0.952591 0.0438203 0.90144
21 0.954747 0.042549 0.890699
22 0.956951 0.0411908 0.879173
23 0.961133 0.041033 0.879864
24 0.960122 0.041577 0.884415
25 0.964645 0.0389188 0.861964
26 0.965268 0.0384692 0.858094
27 0.943481 0.0500777 0.955083
28 0.946937 0.0463285 0.921906
29 0.953436 0.042574 0.890254
30 0.956976 0.0413093 0.880291
31 0.958728 0.0404829 0.87349
32 0.962339 0.0400399 0.871227
33 0.961824 0.0397855 0.868588
34 0.962273 0.0397159 0.868172
35 0.961901 0.0394517 0.865515
36 0.943562 0.0485964 0.94131
37 0.947404 0.0464764 0.923526
38 0.953941 0.0426065 0.890819
39 0.958374 0.0414051 0.881908
40 0.956489 0.0414199 0.88107
41 0.96003 0.0405941 0.8752
42 0.960888 0.040654 0.876203
43 0.963515 0.0398854 0.870395
44 0.965012 0.0397215 0.86964
45 0.940886 0.0514491 0.96653
46 0.947872 0.0454284 0.913995
47 0.955559 0.0425359 0.890996
48 0.95899 0.0417384 0.885334
49 0.960285 0.0395659 0.865744
50 0.959545 0.0409342 0.878122
51 0.958936 0.0400875 0.86991
52 0.964378 0.0404293 0.875913
53 0.96382 0.0390416 0.862683
54 0.941978 0.0506642 0.959774
55 0.950734 0.0442417 0.904408
56 0.951045 0.0441393 0.903615
57 0.956123 0.0412676 0.87946
58 0.959633 0.0403967 0.873155
59 0.959938 0.0404467 0.873778
60 0.961556 0.0402821 0.87308
61 0.963771 0.0406194 0.877371
62 0.963205 0.039275 0.864541
63 0.940784 0.0524231 0.97556
64 0.949776 0.0446315 0.907549
65 0.953216 0.0434065 0.897904
66 0.955735 0.0424674 0.890449
67 0.961461 0.0396027 0.866695
68 0.959963 0.0415838 0.884396
69 0.961677 0.0399029 0.869607
70 0.962596 0.0401697 0.87257
71 0.96297 0.0398917 0.870171
72 0.945975 0.04712 0.92879
73 0.946874 0.0475091 0.932883
74 0.956554 0.0416777 0.883507
75 0.956853 0.0404309 0.872035
76 0.957847 0.040896 0.876887
77 0.960824 0.0409272 0.878719
78 0.962678 0.0400087 0.871111
79 0.959583 0.0401005 0.870367
80 0.963973 0.0393939 0.866047
81 0.942965 0.050085 0.954884
82 0.948113 0.0451732 0.91174
83 0.951689 0.043907 0.901782
84 0.955181 0.0416585 0.882618
85 0.95821 0.0404009 0.872458
86 0.958962 0.0409477 0.877946
87 0.960113 0.0403217 0.872703
88 0.963225 0.0405513 0.876454
89 0.961549 0.0399409 0.869895
90 0.941198 0.0515848 0.967957
91 0.949517 0.0444091 0.90534
92 0.952625 0.0431229 0.894953
93 0.955873 0.041844 0.884707
94 0.957123 0.040814 0.875748
95 0.959599 0.0398987 0.868493
96 0.958104 0.040803 0.876153
97 0.961679 0.0400761 0.871223
98 0.966553 0.0383653 0.857789
99 0.939046 0.0536143 0.985771

Criterio externo aleatoriamente
10 0.555116
20 0.540287
30 0.5739
40 0.561048
50 0.573406
60 0.572912
70 0.565497
80 0.565002
90 0.565497
100 0.568463

Ensembles com porcentagem dos melhores
10 0.413742
20 0.470094
30 0.491349
40 0.528423
50 0.515077
60 0.551656
70 0.551162
80 0.570934
90 0.565991
100 0.568463

Experimento 6
Taxa de mutação de 0.05 e num de pais 2
Geração 1

EXTERNO, INTERNO e N de FEATURES
0 0.32872 0.576943 121
1 0.382106 0.465509 272
2 0.435986 0.445163 382
3 0.411765 0.419471 538
4 0.468117 0.435192 666
5 0.487395 0.419326 771
6 0.45477 0.414909 898
7 0.496293 0.432506 1040
8 0.518537 0.423233 1172
9 0.291646 0.572515 126
10 0.368759 0.467629 282
11 0.391498 0.454253 395
12 0.414731 0.437642 514
13 0.430549 0.429965 659
14 0.492338 0.429312 769
15 0.493821 0.426929 934
16 0.478497 0.420967 1055
17 0.517548 0.426988 1182
18 0.281265 0.557543 132
19 0.3391 0.471206 291
20 0.436975 0.464922 375
21 0.464162 0.440007 541
22 0.441424 0.432428 665
23 0.466634 0.437944 782
24 0.497281 0.42938 947
25 0.497776 0.423884 1059
26 0.471577 0.412033 1162
27 0.287692 0.555417 130
28 0.375185 0.484436 273
29 0.398418 0.457674 412
30 0.413742 0.42552 531
31 0.454276 0.421807 687
32 0.45477 0.406859 772
33 0.464656 0.423789 928
34 0.516065 0.431928 1043
35 0.486901 0.415196 1189
36 0.283243 0.564559 119
37 0.364805 0.483569 247
38 0.409293 0.441286 402
39 0.423628 0.433017 523
40 0.492832 0.443036 641
41 0.479486 0.427504 758
42 0.471577 0.425829 901
43 0.49481 0.407664 1052
44 0.507662 0.41482 1192
45 0.289174 0.564461 120
46 0.366782 0.452644 283
47 0.382106 0.453507 399
48 0.44785 0.430409 503
49 0.420168 0.426515 629
50 0.42956 0.414713 772
51 0.516065 0.427451 901
52 0.514582 0.419557 1057
53 0.512605 0.42331 1183
54 0.307464 0.5402 142
55 0.391498 0.47522 265
56 0.377657 0.453996 382
57 0.441424 0.428122 511
58 0.445378 0.421919 672
59 0.478497 0.412778 791
60 0.483935 0.433111 883
61 0.484923 0.41961 1046
62 0.521997 0.430148 1183
63 0.282748 0.570456 133
64 0.351953 0.487867 255
65 0.399901 0.429655 423
66 0.448344 0.43748 520
67 0.45823 0.435246 642
68 0.478992 0.429778 790
69 0.49481 0.430745 947
70 0.494315 0.433535 1046
71 0.509145 0.427838 1179
72 0.278794 0.550761 131
73 0.362827 0.47365 257
74 0.397924 0.445583 378
75 0.453782 0.42344 571
76 0.459219 0.429652 618
77 0.495798 0.435224 798
78 0.45131 0.412339 938
79 0.506179 0.428445 1031
80 0.502719 0.418099 1165
81 0.269896 0.549646 138
82 0.37568 0.485794 270
83 0.414731 0.444465 400
84 0.407316 0.42534 519
85 0.449333 0.444919 659
86 0.456747 0.414187 771
87 0.491844 0.427586 927
88 0.495798 0.440283 1056
89 0.491349 0.415273 1186
90 0.312407 0.558335 131
91 0.375185 0.472794 258
92 0.430054 0.449407 403
93 0.4261 0.440575 494
94 0.436975 0.432664 609
95 0.483935 0.420505 768
96 0.480969 0.420732 933
97 0.49481 0.421696 1058
98 0.530895 0.427674 1194
99 0.269896 0.536729 130
PRECISAO DO ENSEMBLE 0.564508
Qualidade, diversidade e fitness por particao
0 0.94419 0.0493694 0.96272
1 0.950644 0.043958 0.914107
2 0.954253 0.0421708 0.898816
3 0.955079 0.041576 0.893534
4 0.959919 0.0407342 0.887957
5 0.959236 0.0401387 0.881886
6 0.961048 0.0397991 0.879564
7 0.964553 0.0389629 0.87335
8 0.964572 0.0391076 0.874749
9 0.942339 0.0510955 0.978334
10 0.950205 0.0451714 0.92553
11 0.95336 0.0439812 0.915736
12 0.95639 0.0411788 0.890399
13 0.956476 0.0421862 0.900115
14 0.962352 0.0397144 0.879426
15 0.960744 0.0402107 0.883358
16 0.961794 0.0404606 0.886301
17 0.963086 0.0391209 0.874108
18 0.941252 0.0513283 0.980006
19 0.948083 0.0460661 0.933021
20 0.955436 0.042351 0.901159
21 0.958409 0.0405523 0.885429
22 0.957648 0.0417711 0.896737
23 0.959898 0.0412386 0.892788
24 0.964515 0.0393313 0.876868
25 0.960314 0.039782 0.879019
26 0.962392 0.0400919 0.883071
27 0.942196 0.050167 0.969346
28 0.949497 0.0449547 0.923082
29 0.952096 0.0445477 0.92052
30 0.953629 0.0429341 0.905822
31 0.959575 0.0396697 0.877559
32 0.958379 0.0403752 0.883713
33 0.960324 0.0401905 0.882947
34 0.965019 0.0388194 0.872213
35 0.965086 0.0397545 0.881226
36 0.941691 0.0508312 0.975461
37 0.950384 0.045112 0.925051
38 0.953879 0.0432102 0.908602
39 0.956127 0.0424747 0.902705
40 0.962675 0.039161 0.87428
41 0.96151 0.0401821 0.88348
42 0.960401 0.0407419 0.888281
43 0.96505 0.0390392 0.87434
44 0.965039 0.0379427 0.863806
45 0.943968 0.0504075 0.972572
46 0.949859 0.0439376 0.913504
47 0.952163 0.0443177 0.918347
48 0.955681 0.0418845 0.896807
49 0.957813 0.0406136 0.885709
50 0.956134 0.0407117 0.885782
51 0.961719 0.0392298 0.874445
52 0.964415 0.0389807 0.873449
53 0.96595 0.0389745 0.874185
54 0.946149 0.0482459 0.952948
55 0.954378 0.0421295 0.898485
56 0.952312 0.0426629 0.902536
57 0.95592 0.0416467 0.894647
58 0.957841 0.0416759 0.895923
59 0.959901 0.0393235 0.874404
60 0.960641 0.0404494 0.885597
61 0.962253 0.0401612 0.883664
62 0.964238 0.0389552 0.873113
63 0.944637 0.0488606 0.958067
64 0.951022 0.0445587 0.92007
65 0.954162 0.0426211 0.903093
66 0.958413 0.041166 0.891324
67 0.959066 0.0405596 0.885839
68 0.961842 0.0397194 0.87921
69 0.963083 0.0391009 0.873914
70 0.96294 0.0401495 0.883907
71 0.963461 0.0394176 0.877151
72 0.943349 0.049334 0.961945
73 0.950288 0.0444604 0.918747
74 0.952603 0.0430085 0.906005
75 0.955173 0.0422412 0.899969
76 0.958433 0.0417228 0.896679
77 0.963531 0.0391859 0.874962
78 0.959918 0.0402081 0.882906
79 0.964289 0.039577 0.879109
80 0.963154 0.0401908 0.884415
81 0.941558 0.0508653 0.975719
82 0.948956 0.0456672 0.929643
83 0.95309 0.0430055 0.906228
84 0.953125 0.0433479 0.909534
85 0.958103 0.0410041 0.889608
86 0.959614 0.0400836 0.881554
87 0.961836 0.0393763 0.875912
88 0.962331 0.039424 0.876627
89 0.964139 0.0391326 0.874765
90 0.945454 0.0470481 0.941088
91 0.949286 0.0449879 0.923292
92 0.954657 0.0424091 0.901314
93 0.957252 0.0412338 0.891373
94 0.95691 0.0412816 0.891655
95 0.96096 0.0394478 0.876145
96 0.962768 0.0397631 0.880109
97 0.963145 0.0391949 0.874849
98 0.963499 0.0391215 0.874327
99 0.941037 0.0520792 0.987104

Criterio externo aleatoriamente
10 0.508156
20 0.546218
30 0.573406
40 0.556105
50 0.558082
60 0.572912
70 0.562531
80 0.567968
90 0.56698
100 0.564508

Ensembles com porcentagem dos melhores
10 0.351953
20 0.481957
30 0.487395
40 0.533366
50 0.540781
60 0.562037
70 0.562037
80 0.56698
90 0.565002
100 0.564508

Experimento 7
Taxa de mutação de 0.05 e num de pais 2
Geração 1

EXTERNO, INTERNO e N de FEATURES
0 0.278794 0.563343 117
1 0.319822 0.489302 246
2 0.414236 0.465366 396
3 0.423134 0.440286 522
4 0.461196 0.431776 691
5 0.471083 0.425876 784
6 0.484923 0.422505 935
7 0.508156 0.41937 1059
8 0.498764 0.428011 1193
9 0.321305 0.597791 111
10 0.367771 0.465872 292
11 0.410776 0.440689 377
12 0.435492 0.436717 545
13 0.44785 0.442155 654
14 0.496293 0.430015 778
15 0.495304 0.418278 907
16 0.507168 0.421204 1063
17 0.47652 0.417356 1186
18 0.289669 0.571464 117
19 0.347998 0.483122 248
20 0.410282 0.44876 399
21 0.425111 0.425205 505
22 0.458725 0.431264 641
23 0.485418 0.420329 772
24 0.497281 0.420301 915
25 0.50519 0.420861 1082
26 0.471083 0.420706 1176
27 0.283243 0.557178 128
28 0.338112 0.473182 241
29 0.450816 0.451591 385
30 0.428077 0.429136 510
31 0.490855 0.435201 682
32 0.484923 0.439551 794
33 0.442412 0.41496 907
34 0.477014 0.417448 1068
35 0.496787 0.419116 1179
36 0.277311 0.550852 123
37 0.344043 0.45339 278
38 0.419674 0.442417 399
39 0.445872 0.434696 527
40 0.449827 0.437307 674
41 0.47652 0.429759 798
42 0.481957 0.423477 913
43 0.47306 0.445476 1038
44 0.499259 0.419139 1170
45 0.28176 0.547391 143
46 0.342561 0.492173 246
47 0.384083 0.440168 392
48 0.42956 0.437849 508
49 0.436975 0.445382 647
50 0.467128 0.425423 794
51 0.483935 0.416339 917
52 0.491844 0.435978 1052
53 0.521008 0.416577 1178
54 0.286209 0.537023 117
55 0.316856 0.485702 231
56 0.405833 0.447664 412
57 0.417202 0.434998 533
58 0.440929 0.426853 672
59 0.480475 0.435091 795
60 0.478497 0.422992 929
61 0.519031 0.4272 1054
62 0.504696 0.415014 1168
63 0.283737 0.525438 145
64 0.342066 0.455225 277
65 0.387049 0.442621 371
66 0.464656 0.435115 545
67 0.463668 0.435102 661
68 0.496293 0.433422 782
69 0.473554 0.41218 936
70 0.482946 0.414625 1047
71 0.489372 0.408396 1194
72 0.297084 0.609114 117
73 0.326742 0.487446 233
74 0.408304 0.4576 423
75 0.40089 0.440788 508
76 0.436975 0.412816 697
77 0.474048 0.414092 811
78 0.489372 0.418278 911
79 0.475531 0.420625 1048
80 0.487889 0.420013 1184
81 0.300049 0.591744 123
82 0.352941 0.487188 242
83 0.392486 0.467922 385
84 0.415225 0.422746 509
85 0.460702 0.434007 648
86 0.453782 0.411995 780
87 0.485912 0.434512 930
88 0.473554 0.428894 1037
89 0.495304 0.423484 1202
90 0.299061 0.533905 140
91 0.359367 0.448446 266
92 0.396935 0.450463 384
93 0.415225 0.428085 486
94 0.424617 0.434561 648
95 0.469105 0.408555 786
96 0.487889 0.428876 937
97 0.503707 0.417071 1062
98 0.516065 0.415114 1188
99 0.28522 0.56563 118
PRECISAO DO ENSEMBLE 0.560554
Qualidade, diversidade e fitness por particao
0 0.940874 0.0504222 0.92525
1 0.946523 0.0473165 0.901205
2 0.954144 0.0436496 0.873308
3 0.954412 0.0421885 0.860758
4 0.960475 0.0402225 0.846825
5 0.960865 0.0398243 0.843569
6 0.960701 0.0397391 0.842744
7 0.962706 0.0397183 0.843602
8 0.962666 0.0410348 0.855015
9 0.939417 0.0539531 0.955159
10 0.947956 0.0467255 0.896815
11 0.953543 0.0421778 0.860216
12 0.958552 0.0406783 0.849788
13 0.956807 0.041739 0.858096
14 0.96155 0.0397616 0.843379
15 0.96377 0.0392201 0.839827
16 0.964655 0.038239 0.831765
17 0.961049 0.0403654 0.848364
18 0.944682 0.0485994 0.911393
19 0.950678 0.0450492 0.883667
20 0.953057 0.043214 0.868962
21 0.954647 0.0425283 0.863831
22 0.957797 0.0403046 0.846152
23 0.963646 0.0392996 0.840453
24 0.961225 0.0393882 0.839969
25 0.964495 0.0386233 0.835019
26 0.96334 0.0399729 0.846142
27 0.942736 0.0500597 0.923067
28 0.948031 0.0463532 0.893621
29 0.954036 0.0429053 0.866789
30 0.954774 0.0418432 0.857947
31 0.959747 0.0410019 0.853217
32 0.961066 0.041277 0.856289
33 0.95717 0.0415124 0.856315
34 0.963097 0.0401203 0.847296
35 0.963924 0.0395639 0.842893
36 0.942635 0.0493992 0.917278
37 0.949922 0.0447693 0.880845
38 0.952417 0.0427756 0.864823
39 0.957803 0.0409404 0.851676
40 0.958891 0.0408979 0.85187
41 0.959009 0.0405119 0.848579
42 0.962216 0.039157 0.838474
43 0.962185 0.0400166 0.845924
44 0.965266 0.039303 0.841322
45 0.941563 0.0508053 0.928934
46 0.944927 0.048102 0.9072
47 0.951555 0.0440608 0.875538
48 0.955605 0.0420988 0.860597
49 0.957923 0.0414957 0.85656
50 0.959041 0.0409119 0.85207
51 0.961773 0.0398665 0.844406
52 0.964837 0.0411645 0.857266
53 0.963561 0.0401207 0.84754
54 0.937339 0.0575747 0.985534
55 0.947979 0.0466146 0.895864
56 0.954362 0.0429321 0.86719
57 0.955267 0.0416825 0.856807
58 0.958507 0.0409084 0.851763
59 0.95937 0.0414163 0.85662
60 0.961706 0.0400091 0.84561
61 0.96416 0.0401697 0.848276
62 0.963091 0.0396208 0.842955
63 0.943128 0.0495063 0.918464
64 0.947977 0.0451737 0.883349
65 0.951954 0.0439534 0.874812
66 0.956888 0.0413283 0.85457
67 0.956397 0.0413462 0.854471
68 0.956988 0.0413324 0.854658
69 0.958391 0.0414688 0.85657
70 0.963094 0.0389249 0.836913
71 0.962431 0.0390928 0.838028
72 0.940561 0.0534904 0.951734
73 0.945513 0.0474931 0.902216
74 0.952201 0.0439953 0.875304
75 0.954465 0.0433547 0.870914
76 0.956357 0.0420198 0.8603
77 0.958221 0.0401083 0.844666
78 0.961397 0.039713 0.842878
79 0.961545 0.0402547 0.847659
80 0.962112 0.0394004 0.840534
81 0.944418 0.0488447 0.913387
82 0.948301 0.0465588 0.895546
83 0.951155 0.0446739 0.880655
84 0.954043 0.042376 0.862196
85 0.95942 0.0407474 0.850838
86 0.956629 0.0415066 0.855985
87 0.959456 0.0416469 0.858668
88 0.960157 0.0416917 0.85942
89 0.963352 0.0395951 0.842867
90 0.943853 0.049144 0.915693
91 0.94787 0.045888 0.889497
92 0.949547 0.0451398 0.883869
93 0.951194 0.0436855 0.872092
94 0.955828 0.0422713 0.862211
95 0.960228 0.0412493 0.855615
96 0.962814 0.0395814 0.842469
97 0.964389 0.0388657 0.83707
98 0.963604 0.039685 0.843778
99 0.941657 0.0511332 0.93183

Criterio externo aleatoriamente
10 0.52002
20 0.551162
30 0.552645
40 0.562531
50 0.549184
60 0.547207
70 0.571923
80 0.569946
90 0.563025
100 0.560554

Ensembles com porcentagem dos melhores
10 0.372714
20 0.440929
30 0.507168
40 0.528917
50 0.542264
60 0.553633
70 0.543253
80 0.569451
90 0.574889
100 0.560554

Experimento 8
Taxa de mutação de 0.05 e num de pais 2
Geração 1

EXTERNO, INTERNO e N de FEATURES
0 0.319328 0.571307 123
1 0.361839 0.463963 285
2 0.390015 0.442974 389
3 0.438458 0.431208 523
4 0.442412 0.429697 660
5 0.445378 0.425261 774
6 0.49827 0.422867 927
7 0.48344 0.418445 1050
8 0.491844 0.422085 1189
9 0.339595 0.571445 138
10 0.345032 0.462907 274
11 0.413248 0.453982 407
12 0.411765 0.432746 564
13 0.439941 0.428136 623
14 0.481957 0.414229 784
15 0.471083 0.419019 917
16 0.469105 0.419647 1038
17 0.503707 0.421013 1186
18 0.297084 0.584323 125
19 0.385566 0.473652 276
20 0.434503 0.445773 399
21 0.40781 0.438093 499
22 0.43302 0.421141 624
23 0.467128 0.426779 782
24 0.510628 0.424748 918
25 0.477509 0.413826 1065
26 0.470588 0.416165 1162
27 0.331191 0.537052 145
28 0.3391 0.472401 275
29 0.424123 0.458225 385
30 0.421157 0.439702 528
31 0.432032 0.434688 655
32 0.466139 0.408648 767
33 0.481957 0.427457 935
34 0.498764 0.422381 1073
35 0.5304 0.427842 1170
36 0.254572 0.543607 130
37 0.321305 0.469939 286
38 0.424617 0.431011 415
39 0.427583 0.429209 511
40 0.460208 0.431235 659
41 0.47652 0.421359 781
42 0.463174 0.418311 910
43 0.504696 0.420912 1053
44 0.479486 0.421582 1193
45 0.279783 0.570261 117
46 0.367276 0.471256 268
47 0.414731 0.44985 398
48 0.447355 0.436322 541
49 0.449333 0.414712 626
50 0.481463 0.418521 786
51 0.467622 0.414233 938
52 0.489867 0.418919 1028
53 0.493821 0.422428 1179
54 0.286703 0.557607 132
55 0.367276 0.480149 260
56 0.402867 0.429902 414
57 0.408304 0.430462 524
58 0.43302 0.41117 688
59 0.457736 0.43576 789
60 0.4696 0.409335 957
61 0.465645 0.413118 1061
62 0.502224 0.424358 1184
63 0.276322 0.564671 123
64 0.363816 0.480126 267
65 0.394958 0.449626 380
66 0.428571 0.420995 537
67 0.437963 0.420438 672
68 0.463668 0.427469 772
69 0.481957 0.422134 909
70 0.51656 0.419936 1049
71 0.514582 0.420918 1182
72 0.321799 0.549329 144
73 0.380623 0.459139 291
74 0.410282 0.441929 422
75 0.448344 0.419376 504
76 0.459713 0.435533 683
77 0.448838 0.428801 793
78 0.503213 0.439736 907
79 0.502719 0.420695 1041
80 0.512605 0.428469 1178
81 0.259516 0.548337 125
82 0.36431 0.469174 262
83 0.417202 0.458138 410
84 0.410776 0.428784 518
85 0.432526 0.428365 641
86 0.464656 0.435351 793
87 0.464162 0.412406 919
88 0.510133 0.413598 1050
89 0.481957 0.422673 1171
90 0.302027 0.55971 134
91 0.3826 0.461753 293
92 0.413742 0.446061 391
93 0.467622 0.460652 504
94 0.481463 0.434288 644
95 0.488878 0.435769 767
96 0.521503 0.422442 910
97 0.492338 0.420921 1039
98 0.513099 0.422487 1183
99 0.300544 0.546731 121
PRECISAO DO ENSEMBLE 0.561542
Qualidade, diversidade e fitness por particao
0 0.944019 0.0497995 0.955712
1 0.948827 0.0451104 0.914251
2 0.951343 0.0436177 0.901562
3 0.956894 0.0415012 0.884598
4 0.958241 0.040481 0.875733
5 0.95625 0.0412397 0.881814
6 0.96137 0.0394512 0.867702
7 0.960798 0.0393587 0.866538
8 0.962704 0.0395702 0.869508
9 0.9456 0.0480218 0.939868
10 0.949945 0.0436364 0.901013
11 0.95458 0.0426303 0.893984
12 0.956156 0.0416028 0.885169
13 0.957888 0.0414569 0.884699
14 0.958803 0.0397578 0.869246
15 0.961429 0.0392895 0.866217
16 0.961761 0.0391812 0.865374
17 0.963891 0.0392129 0.866773
18 0.942751 0.0496413 0.953573
19 0.948623 0.0453562 0.916449
20 0.953509 0.0424586 0.89182
21 0.955787 0.0414795 0.883822
22 0.95857 0.0400222 0.871604
23 0.956692 0.0415081 0.884559
24 0.961781 0.038971 0.863414
25 0.963016 0.0389502 0.863858
26 0.959657 0.0402904 0.874681
27 0.944849 0.0492389 0.950888
28 0.950562 0.0438865 0.903677
29 0.95316 0.0428209 0.895035
30 0.954098 0.0420596 0.888385
31 0.956829 0.0409327 0.879236
32 0.959537 0.0400738 0.872589
33 0.961793 0.0398668 0.871817
34 0.964068 0.0387611 0.862631
35 0.962722 0.0397679 0.871371
36 0.941091 0.0503863 0.959697
37 0.948337 0.0451959 0.914799
38 0.953194 0.0430625 0.897316
39 0.956196 0.0408146 0.877802
40 0.957658 0.0410202 0.880485
41 0.957856 0.040937 0.879809
42 0.961491 0.03938 0.867097
43 0.962097 0.0390499 0.864317
44 0.964849 0.0382838 0.858561
45 0.943225 0.0498052 0.955355
46 0.94918 0.0450087 0.913481
47 0.95264 0.042897 0.895479
48 0.957042 0.0414548 0.88424
49 0.957854 0.0403899 0.874679
50 0.959281 0.03963 0.868296
51 0.960016 0.0392707 0.865308
52 0.964798 0.0380312 0.856167
53 0.964505 0.0386569 0.86188
54 0.94366 0.0489075 0.947166
55 0.948249 0.0452106 0.914891
56 0.953437 0.0421294 0.888696
57 0.955253 0.0416965 0.88558
58 0.956584 0.0413047 0.882596
59 0.958514 0.0403376 0.874531
60 0.961853 0.0398356 0.871555
61 0.960331 0.0399998 0.872305
62 0.964951 0.0380681 0.856592
63 0.939207 0.0533431 0.986435
64 0.949111 0.0463535 0.92605
65 0.951593 0.0434819 0.900419
66 0.955409 0.0413891 0.882779
67 0.957658 0.0401122 0.871975
68 0.960585 0.039873 0.871249
69 0.960856 0.0410228 0.882166
70 0.962552 0.038842 0.862604
71 0.96216 0.0394773 0.868355
72 0.944659 0.0486095 0.94489
73 0.948278 0.0446849 0.909978
74 0.953166 0.042221 0.889415
75 0.95455 0.041514 0.883505
76 0.959119 0.0405113 0.876473
77 0.957367 0.04155 0.885301
78 0.961415 0.040629 0.878765
79 0.964405 0.0381782 0.857341
80 0.965205 0.0386584 0.862256
81 0.939227 0.0531568 0.984699
82 0.948856 0.0453819 0.916811
83 0.951936 0.0435506 0.90124
84 0.952804 0.0427499 0.894184
85 0.955633 0.0414677 0.883632
86 0.959923 0.0406897 0.878561
87 0.960366 0.0405545 0.877523
88 0.965397 0.0383995 0.859929
89 0.962327 0.0401294 0.874554
90 0.942626 0.0506249 0.962728
91 0.950695 0.0448157 0.912455
92 0.951946 0.0431155 0.897167
93 0.957768 0.0418777 0.888581
94 0.958284 0.0408598 0.879307
95 0.959236 0.0405785 0.877163
96 0.961232 0.0395829 0.868865
97 0.962714 0.0390006 0.864174
98 0.963518 0.0387292 0.862046
99 0.941343 0.0511818 0.967283

Criterio externo aleatoriamente
10 0.516065
20 0.521997
30 0.559565
40 0.556599
50 0.564508
60 0.565497
70 0.569451
80 0.571429
90 0.562037
100 0.561542

Ensembles com porcentagem dos melhores
10 0.36431
20 0.464656
30 0.509639
40 0.534849
50 0.553633
60 0.526446
70 0.535344
80 0.549184
90 0.549184
100 0.561542

Experimento 9
Taxa de mutação de 0.05 e num de pais 2
Geração 1

EXTERNO, INTERNO e N de FEATURES
0 0.311419 0.56184 124
1 0.370737 0.467596 270
2 0.409293 0.451631 366
3 0.423134 0.430558 536
4 0.456747 0.421867 656
5 0.499259 0.4333 772
6 0.481463 0.416617 953
7 0.478497 0.404456 1058
8 0.536826 0.42904 1159
9 0.312407 0.55536 134
10 0.340583 0.47326 268
11 0.380129 0.453247 395
12 0.451804 0.438418 483
13 0.459713 0.43217 655
14 0.452299 0.42009 774
15 0.494315 0.422098 921
16 0.477509 0.417668 1052
17 0.496787 0.410242 1181
18 0.292635 0.535964 150
19 0.338606 0.480164 266
20 0.431043 0.448869 398
21 0.419674 0.424945 524
22 0.446367 0.436476 668
23 0.443401 0.425047 786
24 0.490855 0.421724 900
25 0.512111 0.410574 1042
26 0.496787 0.425688 1191
27 0.277311 0.598607 119
28 0.328225 0.469766 241
29 0.413742 0.449539 419
30 0.438458 0.43812 521
31 0.458725 0.430907 637
32 0.446861 0.434059 798
33 0.474543 0.420117 905
34 0.475531 0.419248 1066
35 0.496787 0.420717 1163
36 0.283243 0.580973 108
37 0.35739 0.478492 251
38 0.388038 0.439041 387
39 0.438952 0.416218 531
40 0.442907 0.427015 663
41 0.472071 0.426074 787
42 0.480969 0.423493 905
43 0.489867 0.421373 1039
44 0.498764 0.42162 1181
45 0.273851 0.567745 123
46 0.399901 0.486296 285
47 0.41127 0.453478 388
48 0.45131 0.433479 539
49 0.450321 0.453222 687
50 0.463668 0.418981 807
51 0.462679 0.427533 912
52 0.510628 0.418212 1061
53 0.516065 0.418718 1177
54 0.254078 0.564201 116
55 0.369748 0.472685 265
56 0.365793 0.443512 398
57 0.436975 0.443859 518
58 0.474048 0.440407 641
59 0.498764 0.417149 798
60 0.474048 0.408235 895
61 0.503707 0.406374 1067
62 0.512605 0.420895 1192
63 0.320811 0.569605 115
64 0.348987 0.468491 269
65 0.393969 0.43919 399
66 0.427583 0.427453 524
67 0.44785 0.416999 646
68 0.479486 0.424929 782
69 0.471577 0.419253 932
70 0.477509 0.419816 1043
71 0.50173 0.41175 1177
72 0.324765 0.545586 146
73 0.383094 0.495902 254
74 0.427088 0.458463 374
75 0.433515 0.428917 537
76 0.434009 0.417248 660
77 0.457736 0.417188 766
78 0.477509 0.424362 941
79 0.472565 0.4249 1066
80 0.512111 0.418403 1182
81 0.287197 0.580737 113
82 0.337123 0.477145 266
83 0.414236 0.444756 404
84 0.425111 0.44051 541
85 0.451804 0.417061 677
86 0.468117 0.419643 759
87 0.466634 0.425795 900
88 0.485912 0.42612 1029
89 0.503213 0.424654 1181
90 0.272862 0.555726 108
91 0.349975 0.473541 257
92 0.420168 0.450015 408
93 0.453782 0.435723 541
94 0.445378 0.413375 670
95 0.430549 0.420735 797
96 0.472565 0.426585 915
97 0.474048 0.416811 1050
98 0.47998 0.420877 1189
99 0.327731 0.54883 140
PRECISAO DO ENSEMBLE 0.56352
Qualidade, diversidade e fitness por particao
0 0.941619 0.0487345 0.894993
1 0.948015 0.0437731 0.856921
2 0.950127 0.0438148 0.858364
3 0.953125 0.0413208 0.839113
4 0.954767 0.0406248 0.834159
5 0.958685 0.0397487 0.828882
6 0.961003 0.0402876 0.83458
7 0.957545 0.0400678 0.830953
8 0.95891 0.0398318 0.829692
9 0.943588 0.0472257 0.883427
10 0.945301 0.0456895 0.8715
11 0.948354 0.0440037 0.85902
12 0.952392 0.0426978 0.850221
13 0.95572 0.0419123 0.845394
14 0.957255 0.0404718 0.834173
15 0.958769 0.0398838 0.830053
16 0.959146 0.0397094 0.828793
17 0.96148 0.0392123 0.825857
18 0.940111 0.0502115 0.906532
19 0.945875 0.0457763 0.872522
20 0.952706 0.0422506 0.846653
21 0.95067 0.0425209 0.847851
22 0.95426 0.0421706 0.846792
23 0.954805 0.042554 0.850272
24 0.960716 0.0397174 0.829675
25 0.95999 0.0398076 0.830051
26 0.960894 0.0393777 0.826933
27 0.93377 0.0566199 0.956705
28 0.944347 0.0476276 0.887174
29 0.950574 0.0424886 0.847532
30 0.954453 0.0420408 0.845808
31 0.952944 0.0421116 0.845617
32 0.956538 0.041695 0.844005
33 0.957166 0.0407612 0.836541
34 0.959997 0.039709 0.829231
35 0.959262 0.0405725 0.836053
36 0.937366 0.0521502 0.921282
37 0.948147 0.0447771 0.865365
38 0.948324 0.0436397 0.855968
39 0.952583 0.0421223 0.845519
40 0.954142 0.0420346 0.845596
41 0.958655 0.0398307 0.829551
42 0.958794 0.0407747 0.837498
43 0.963315 0.0397775 0.831524
44 0.960198 0.0402042 0.833467
45 0.936752 0.052376 0.922847
46 0.948654 0.0443701 0.862233
47 0.952653 0.042795 0.851167
48 0.95333 0.0412211 0.838388
49 0.954479 0.0430808 0.854498
50 0.956271 0.0408934 0.837179
51 0.959329 0.0399743 0.831099
52 0.961607 0.0387163 0.821785
53 0.963908 0.038446 0.820723
54 0.937403 0.0519222 0.9194
55 0.943948 0.0468159 0.880195
56 0.949662 0.0428053 0.849701
57 0.952085 0.0427942 0.850866
58 0.952645 0.0424935 0.848648
59 0.957543 0.0393546 0.825002
60 0.957566 0.0398862 0.829449
61 0.960074 0.0395897 0.828277
62 0.958994 0.0396623 0.828322
63 0.940058 0.0511951 0.914711
64 0.949181 0.0442258 0.861302
65 0.950755 0.0423575 0.846532
66 0.952317 0.0428364 0.851338
67 0.95256 0.0426359 0.849792
68 0.955147 0.0407984 0.835804
69 0.957502 0.0394939 0.826142
70 0.958717 0.0396511 0.828084
71 0.961008 0.0388408 0.822513
72 0.943184 0.0476158 0.886472
73 0.94741 0.0450321 0.86711
74 0.9517 0.0429657 0.852096
75 0.952484 0.0426174 0.849597
76 0.95338 0.0417872 0.843136
77 0.956089 0.0400646 0.83017
78 0.959411 0.0409469 0.839254
79 0.962249 0.0399137 0.832107
80 0.960781 0.0385105 0.819639
81 0.938181 0.0511353 0.913238
82 0.942215 0.0482038 0.890875
83 0.951745 0.0434301 0.855994
84 0.955318 0.0422654 0.848131
85 0.954413 0.0420904 0.846202
86 0.95927 0.0405598 0.835952
87 0.956678 0.0410505 0.838701
88 0.96091 0.039728 0.829864
89 0.96106 0.0402545 0.834333
90 0.930032 0.0599347 0.982419
91 0.945285 0.0454995 0.869907
92 0.952017 0.042907 0.851771
93 0.952261 0.0424205 0.84784
94 0.955102 0.040429 0.832699
95 0.955177 0.0406854 0.834876
96 0.959156 0.0396967 0.828692
97 0.957204 0.0410364 0.838856
98 0.963925 0.0399188 0.833019
99 0.941017 0.0497837 0.903433

Criterio externo aleatoriamente
10 0.507662
20 0.556599
30 0.562531
40 0.561542
50 0.566485
60 0.57044
70 0.564508
80 0.565002
90 0.566485
100 0.56352

Ensembles com porcentagem dos melhores
10 0.393969
20 0.438458
30 0.526446
40 0.545724
50 0.559565
60 0.548196
70 0.555116
80 0.556105
90 0.565991
100 0.56352

Experimento 10
Taxa de mutação de 0.05 e num de pais 2
Geração 1

EXTERNO, INTERNO e N de FEATURES
0 0.296589 0.553353 125
1 0.352941 0.451059 275
2 0.377657 0.449304 382
3 0.420662 0.435734 500
4 0.466139 0.428414 689
5 0.442412 0.410444 750
6 0.506179 0.416115 910
7 0.499259 0.418469 1054
8 0.495304 0.421925 1185
9 0.326742 0.526088 142
10 0.349975 0.468304 256
11 0.382106 0.446731 392
12 0.430054 0.443421 562
13 0.413742 0.415169 664
14 0.468611 0.430734 804
15 0.481463 0.437344 934
