Carregando documentos....
2023 documentos carregados com 1311 termos.
Experimento 1
Taxa de mutação de 0.05 e num de pais 2
Geração 1

EXTERNO, INTERNO e N de FEATURES
0 0.180919 0.644171 65
1 0.230351 0.68443 71
2 0.243203 0.682829 71
3 0.164607 0.662925 53
4 0.228374 0.656313 61
5 0.1913 0.623184 59
6 0.23826 0.670567 69
7 0.239249 0.658014 67
8 0.179436 0.578714 67
9 0.185368 0.660639 63
10 0.223431 0.660436 61
11 0.202175 0.601938 65
12 0.254572 0.62317 72
13 0.202669 0.648296 72
14 0.231834 0.618205 72
15 0.217004 0.636937 66
16 0.286703 0.676635 76
17 0.189323 0.650824 58
18 0.217004 0.641309 75
19 0.19476 0.609132 65
20 0.21997 0.638545 79
21 0.21997 0.677972 58
22 0.193277 0.613956 72
23 0.229362 0.630104 68
24 0.202175 0.638394 68
25 0.215522 0.607112 69
26 0.267425 0.676466 63
27 0.252595 0.605989 72
28 0.254572 0.63098 68
29 0.242709 0.661873 70
30 0.221453 0.671579 64
31 0.21305 0.676224 62
32 0.262481 0.669238 73
33 0.20959 0.6264 65
34 0.217499 0.62241 75
35 0.20959 0.637495 64
36 0.198715 0.65259 62
37 0.210084 0.646218 71
38 0.185863 0.649853 58
39 0.19822 0.616811 65
40 0.188828 0.622698 75
41 0.242709 0.683942 66
42 0.235294 0.667095 58
43 0.163124 0.747692 53
44 0.189323 0.627287 60
45 0.23134 0.642226 60
46 0.217004 0.628075 76
47 0.288186 0.638791 81
48 0.20959 0.712029 65
49 0.182897 0.666521 61
50 0.21997 0.551422 73
51 0.218487 0.565543 74
52 0.243203 0.644431 73
53 0.235788 0.646084 62
54 0.236777 0.646851 71
55 0.252595 0.670477 67
56 0.202669 0.615333 65
57 0.178942 0.610152 69
58 0.204647 0.604484 66
59 0.247158 0.642536 70
60 0.227879 0.634361 73
61 0.250124 0.629833 76
62 0.210084 0.602537 67
63 0.197232 0.666091 56
64 0.215522 0.658532 67
65 0.240732 0.729016 54
66 0.232328 0.65747 74
67 0.190311 0.659966 57
68 0.203164 0.644283 73
69 0.256055 0.625074 60
70 0.226396 0.605603 77
71 0.25655 0.641864 76
72 0.212061 0.677143 59
73 0.208601 0.617088 67
74 0.234305 0.622005 84
75 0.232328 0.651245 76
76 0.201681 0.624408 68
77 0.284231 0.678254 73
78 0.195749 0.645465 55
79 0.198715 0.653001 71
80 0.202669 0.646475 68
81 0.187346 0.655616 59
82 0.20613 0.644114 69
83 0.232823 0.652829 65
84 0.259021 0.64518 76
85 0.257044 0.650939 76
86 0.190311 0.647281 67
87 0.217004 0.625292 75
88 0.168562 0.671491 63
89 0.23826 0.658563 76
90 0.213544 0.593741 65
91 0.255067 0.55518 71
92 0.238754 0.655631 61
93 0.185863 0.740103 57
94 0.204152 0.686268 57
95 0.192783 0.611956 61
96 0.210578 0.592634 85
97 0.204647 0.686774 60
98 0.221948 0.624129 63
99 0.207118 0.62709 76
PRECISAO DO ENSEMBLE 0.426594
Qualidade, diversidade e fitness por particao
0 0.888102 0.111351 0.810027
1 0.905848 0.0955078 0.773777
2 0.898989 0.106003 0.800475
3 0.870921 0.131284 0.858457
4 0.882583 0.122655 0.839806
5 0.874858 0.128094 0.851357
6 0.888021 0.115089 0.82083
7 0.899245 0.101231 0.786767
8 0.867044 0.135307 0.868006
9 0.874008 0.128102 0.850912
10 0.89929 0.104404 0.795999
11 0.881377 0.124225 0.843702
12 0.901844 0.0994885 0.783134
13 0.902362 0.0970233 0.776264
14 0.891742 0.111742 0.813158
15 0.890732 0.111512 0.811937
16 0.910489 0.0920813 0.766377
17 0.872716 0.130053 0.855868
18 0.896642 0.103604 0.792226
19 0.883986 0.116833 0.823681
20 0.894195 0.106852 0.80031
21 0.881622 0.123952 0.843045
22 0.882625 0.121044 0.835153
23 0.874191 0.13283 0.864736
24 0.897897 0.104111 0.794385
25 0.890293 0.114161 0.819383
26 0.91023 0.0912945 0.763951
27 0.902285 0.101687 0.789755
28 0.90461 0.103082 0.795078
29 0.903765 0.0988386 0.782301
30 0.869249 0.138968 0.879839
31 0.865981 0.139374 0.879225
32 0.907333 0.0952633 0.773881
33 0.88084 0.124217 0.843384
34 0.900049 0.102289 0.790278
35 0.899242 0.100485 0.784599
36 0.875818 0.124702 0.84204
37 0.880968 0.12032 0.832146
38 0.861565 0.137403 0.871086
39 0.880059 0.122173 0.837024
40 0.883238 0.118243 0.827361
41 0.908075 0.094546 0.772206
42 0.89428 0.10839 0.804819
43 0.835093 0.172288 0.957812
44 0.87086 0.132876 0.863042
45 0.889711 0.116253 0.825134
46 0.901704 0.0998796 0.784192
47 0.912048 0.0900421 0.761313
48 0.88154 0.11884 0.828162
49 0.856407 0.145645 0.892178
50 0.878335 0.126299 0.848053
51 0.890879 0.112153 0.813878
52 0.900264 0.101653 0.788548
53 0.899731 0.102909 0.791901
54 0.911107 0.0902104 0.761286
55 0.893498 0.107984 0.803212
56 0.88522 0.118271 0.828528
57 0.85824 0.149269 0.903697
58 0.869342 0.134413 0.866671
59 0.894346 0.108251 0.804452
60 0.88004 0.12859 0.855636
61 0.901242 0.10436 0.796942
62 0.881498 0.120264 0.832273
63 0.864291 0.138047 0.874449
64 0.885731 0.115821 0.821698
65 0.894321 0.10899 0.806584
66 0.9015 0.0994359 0.782792
67 0.875133 0.128352 0.852255
68 0.892755 0.107798 0.802266
69 0.889704 0.117133 0.827686
70 0.901566 0.0993816 0.782671
71 0.90199 0.100126 0.785065
72 0.866108 0.138574 0.876975
73 0.888999 0.112266 0.813173
74 0.89358 0.108842 0.805748
75 0.882682 0.119754 0.831443
76 0.885668 0.123524 0.844019
77 0.910695 0.0925147 0.767747
78 0.868806 0.132521 0.860887
79 0.880515 0.125097 0.84576
80 0.896787 0.102996 0.790541
81 0.877335 0.127594 0.851263
82 0.905652 0.0926601 0.765404
83 0.88869 0.111171 0.809826
84 0.91131 0.0893445 0.758884
85 0.904778 0.0991587 0.783785
86 0.872633 0.134754 0.869464
87 0.894603 0.105758 0.79736
88 0.865593 0.134193 0.863976
89 0.90864 0.0910036 0.762235
90 0.885678 0.117486 0.826503
91 0.894487 0.109689 0.808703
92 0.885877 0.118478 0.82949
93 0.851298 0.153045 0.910852
94 0.863482 0.139038 0.87688
95 0.887995 0.116163 0.823934
96 0.894468 0.107885 0.803458
97 0.880555 0.123526 0.841221
98 0.898043 0.107655 0.804751
99 0.877701 0.126316 0.847755

Criterio externo aleatoriamente
10 0.257538
20 0.369748
30 0.350964
40 0.371725
50 0.373208
60 0.387049
70 0.423134
80 0.409787
90 0.393475
100 0.406822

Ensembles com porcentagem dos melhores
9 0.270885
19 0.304004
29 0.336134
39 0.361345
49 0.364805
59 0.390509
69 0.370737
79 0.398913
89 0.427088
99 0.426594

Experimento 2
Taxa de mutação de 0.05 e num de pais 2
Geração 1

EXTERNO, INTERNO e N de FEATURES
0 0.218982 0.60185 70
1 0.269896 0.663545 66
2 0.215522 0.629199 69
3 0.167573 0.672731 57
4 0.178448 0.639019 69
5 0.211073 0.589748 77
6 0.227879 0.638856 74
7 0.222936 0.622845 65
8 0.220465 0.69416 60
9 0.165596 0.638513 64
10 0.186357 0.716406 56
11 0.217499 0.626413 62
12 0.164113 0.623904 68
13 0.262481 0.614847 79
14 0.244192 0.649836 69
15 0.255067 0.633036 63
16 0.217499 0.668837 62
17 0.186851 0.659455 57
18 0.219476 0.668084 57
19 0.266436 0.667174 74
20 0.15917 0.660452 54
21 0.183391 0.663625 58
22 0.202669 0.663116 64
23 0.215522 0.638602 67
24 0.211073 0.650897 69
25 0.237271 0.625914 74
26 0.239743 0.6873 66
27 0.182897 0.700178 54
28 0.199209 0.60252 74
29 0.192289 0.584493 70
30 0.226891 0.584112 70
31 0.224419 0.630897 72
32 0.182402 0.651267 62
33 0.231834 0.62059 68
34 0.173505 0.711262 51
35 0.199209 0.644989 56
36 0.172516 0.591357 57
37 0.192783 0.630084 66
38 0.196243 0.645436 62
39 0.21997 0.603217 74
40 0.204152 0.628697 81
41 0.19476 0.560169 73
42 0.182402 0.652467 57
43 0.235788 0.654264 68
44 0.230845 0.652055 69
45 0.185863 0.625923 62
46 0.19476 0.666855 56
47 0.196738 0.603765 66
48 0.192783 0.640011 64
49 0.240237 0.64044 69
50 0.262481 0.687074 67
51 0.181908 0.655273 71
52 0.197726 0.655713 62
53 0.195255 0.644883 64
54 0.258527 0.59697 84
55 0.221948 0.673836 65
56 0.1913 0.623852 69
57 0.200198 0.64863 58
58 0.177954 0.698894 54
59 0.220959 0.597493 57
60 0.183885 0.652866 58
61 0.213544 0.672284 68
62 0.172516 0.745613 52
63 0.221948 0.665612 63
64 0.265447 0.710295 74
65 0.26693 0.682735 80
66 0.182897 0.651173 49
67 0.259021 0.666057 65
68 0.228868 0.629876 66
69 0.207612 0.627989 66
70 0.247652 0.69486 64
71 0.242709 0.609127 75
72 0.201681 0.654373 68
73 0.221948 0.662471 63
74 0.200198 0.612435 64
75 0.239249 0.707306 61
76 0.14088 0.639482 60
77 0.21997 0.620346 69
78 0.211073 0.606057 71
79 0.209095 0.614419 66
80 0.176471 0.606351 61
81 0.189323 0.58651 62
82 0.236777 0.665349 66
83 0.197726 0.638449 61
84 0.230351 0.625835 66
85 0.183391 0.581044 61
86 0.224913 0.65217 71
87 0.205635 0.612221 77
88 0.24172 0.600442 70
89 0.179931 0.718371 50
90 0.23826 0.647747 67
91 0.231834 0.653819 69
92 0.226891 0.607183 86
93 0.205141 0.648142 65
94 0.206624 0.677457 59
95 0.222936 0.587331 74
96 0.224913 0.714329 57
97 0.232328 0.6142 72
98 0.238754 0.64448 60
99 0.244686 0.646496 67
PRECISAO DO ENSEMBLE 0.419674
Qualidade, diversidade e fitness por particao
0 0.888835 0.119534 0.854627
1 0.893166 0.117819 0.851763
2 0.876503 0.134823 0.894612
3 0.864715 0.145615 0.921139
4 0.861143 0.145741 0.919558
5 0.886745 0.122982 0.864026
6 0.897447 0.111744 0.835536
7 0.87956 0.126613 0.87118
8 0.871469 0.138742 0.903831
9 0.85922 0.14844 0.926756
10 0.854087 0.152785 0.937225
11 0.877822 0.128151 0.874928
12 0.875873 0.129784 0.87885
13 0.897213 0.116314 0.849388
14 0.890065 0.119448 0.85504
15 0.891446 0.117198 0.848919
16 0.876849 0.129903 0.87975
17 0.879392 0.130945 0.884338
18 0.881714 0.126426 0.871792
19 0.90499 0.102279 0.810733
20 0.849819 0.158872 0.953496
21 0.847384 0.163455 0.966175
22 0.879057 0.128136 0.875561
23 0.891822 0.116494 0.84697
24 0.872444 0.136102 0.89629
25 0.894773 0.113577 0.839671
26 0.901401 0.104529 0.81564
27 0.87714 0.129131 0.87755
28 0.890194 0.115642 0.843468
29 0.883977 0.124115 0.865969
30 0.878194 0.1318 0.886293
31 0.886515 0.121671 0.859887
32 0.870123 0.14099 0.909967
33 0.894503 0.112338 0.835733
34 0.865857 0.140433 0.905915
35 0.869307 0.142114 0.912956
36 0.846321 0.162031 0.961236
37 0.881688 0.131921 0.888586
38 0.88018 0.129331 0.879835
39 0.87743 0.131485 0.884911
40 0.874057 0.135568 0.895544
41 0.874462 0.137499 0.901674
42 0.864116 0.147455 0.926436
43 0.873824 0.136607 0.898595
44 0.898381 0.10766 0.823558
45 0.859302 0.152502 0.939229
46 0.880805 0.127796 0.875483
47 0.889028 0.119738 0.855358
48 0.865805 0.143126 0.914125
49 0.894758 0.112363 0.835949
50 0.902842 0.104125 0.815198
51 0.881378 0.126272 0.871135
52 0.883251 0.126147 0.871783
53 0.873265 0.137997 0.902539
54 0.895565 0.114446 0.842766
55 0.887293 0.121068 0.858471
56 0.87851 0.130121 0.881332
57 0.872573 0.142899 0.917153
58 0.875075 0.132342 0.886237
59 0.886981 0.121038 0.858209
60 0.876513 0.129218 0.877471
61 0.874806 0.134359 0.892259
62 0.851907 0.158996 0.955025
63 0.881745 0.129087 0.879948
64 0.904047 0.102284 0.81023
65 0.908868 0.100442 0.807247
66 0.872785 0.132542 0.885589
67 0.885996 0.124431 0.868044
68 0.893934 0.114301 0.841425
69 0.856432 0.154688 0.944336
70 0.900403 0.105148 0.816985
71 0.906615 0.100694 0.80678
72 0.881208 0.129286 0.880262
73 0.88153 0.126323 0.871377
74 0.889032 0.117625 0.848897
75 0.898342 0.108734 0.82682
76 0.861702 0.143032 0.911579
77 0.874055 0.136042 0.896992
78 0.887509 0.122061 0.861628
79 0.872417 0.136236 0.896687
80 0.865139 0.144115 0.916785
81 0.86918 0.139936 0.906222
82 0.879326 0.132611 0.889398
83 0.885542 0.120549 0.85592
84 0.88406 0.126054 0.871944
85 0.871223 0.140742 0.909812
86 0.894545 0.115412 0.845159
87 0.895057 0.112992 0.838038
88 0.876982 0.136442 0.899827
89 0.856818 0.154945 0.945332
90 0.889435 0.120219 0.857052
91 0.874551 0.134022 0.891087
92 0.899754 0.104602 0.814958
93 0.880036 0.135752 0.899397
94 0.858091 0.158711 0.957554
95 0.890227 0.117853 0.85025
96 0.860265 0.15547 0.948836
97 0.908282 0.0995761 0.804275
98 0.875722 0.134719 0.893862
99 0.892388 0.119595 0.856769

Criterio externo aleatoriamente
10 0.282748
20 0.300544
30 0.318339
40 0.365793
50 0.351458
60 0.371725
70 0.384577
80 0.391498
90 0.390015
100 0.418191

Ensembles com porcentagem dos melhores
9 0.267425
19 0.293623
29 0.332674
39 0.351458
49 0.367276
59 0.377657
69 0.377163
79 0.406822
89 0.418191
99 0.419674

Experimento 3
Taxa de mutação de 0.05 e num de pais 2
Geração 1

EXTERNO, INTERNO e N de FEATURES
0 0.188334 0.630073 68
1 0.252101 0.630333 78
2 0.219476 0.618347 71
3 0.201681 0.595255 77
4 0.236283 0.625625 70
5 0.174988 0.564869 77
6 0.209095 0.597027 69
7 0.188828 0.658031 55
8 0.171033 0.736596 45
9 0.205635 0.670249 56
10 0.274345 0.713999 65
11 0.194266 0.606637 61
12 0.196738 0.594724 66
13 0.250124 0.646784 70
14 0.219476 0.638559 67
15 0.215522 0.686455 63
16 0.194266 0.603284 60
17 0.203658 0.720309 53
18 0.237766 0.618341 71
19 0.210084 0.696162 55
20 0.227385 0.662226 64
21 0.252101 0.631529 73
22 0.192783 0.695262 52
23 0.205635 0.617639 63
24 0.217499 0.654797 72
25 0.177954 0.676967 55
26 0.265942 0.629652 63
27 0.239743 0.571245 63
28 0.230351 0.636214 71
29 0.19476 0.599826 69
30 0.174493 0.642947 61
31 0.212061 0.573849 77
32 0.187346 0.704401 64
33 0.172022 0.652262 59
34 0.214039 0.64958 71
35 0.244192 0.644546 56
36 0.252101 0.639711 65
37 0.225902 0.668898 69
38 0.23134 0.616275 64
39 0.212556 0.64951 56
40 0.213544 0.624547 70
41 0.233317 0.599672 85
42 0.206624 0.683491 67
43 0.210578 0.589272 67
44 0.240732 0.671022 64
45 0.270885 0.660237 71
46 0.2348 0.664529 65
47 0.196738 0.706532 56
48 0.244686 0.666175 73
49 0.237766 0.686569 52
50 0.168067 0.665552 61
51 0.214039 0.645109 60
52 0.195255 0.651293 61
53 0.220465 0.656811 65
54 0.221948 0.666534 60
55 0.208107 0.642973 62
56 0.205635 0.581351 62
57 0.203658 0.634789 68
58 0.217499 0.673685 48
59 0.237766 0.690762 59
60 0.208601 0.712654 54
61 0.255561 0.675826 64
62 0.238754 0.627052 79
63 0.21997 0.569052 68
64 0.178942 0.645195 61
65 0.24172 0.629926 80
66 0.235294 0.621809 68
67 0.214039 0.63923 57
68 0.213544 0.669353 55
69 0.213544 0.657276 71
70 0.252595 0.601046 78
71 0.23134 0.600938 75
72 0.293623 0.677312 72
73 0.209095 0.65029 61
74 0.220959 0.654188 78
75 0.217993 0.64499 62
76 0.201186 0.654357 53
77 0.230351 0.641093 73
78 0.185863 0.615455 61
79 0.207118 0.650855 70
80 0.185863 0.718429 62
81 0.217993 0.524017 74
82 0.23826 0.609377 76
83 0.204647 0.625991 69
84 0.211073 0.614566 73
85 0.228374 0.637729 68
86 0.155215 0.625516 57
87 0.213544 0.667033 61
88 0.216016 0.694338 58
89 0.199703 0.650438 66
90 0.215027 0.643605 68
91 0.26001 0.655384 77
92 0.207118 0.624865 64
93 0.20959 0.618462 60
94 0.193277 0.660737 64
95 0.220465 0.683292 61
96 0.211567 0.703081 61
97 0.1913 0.682706 55
98 0.217993 0.647603 64
99 0.238754 0.647539 79
PRECISAO DO ENSEMBLE 0.400395
Qualidade, diversidade e fitness por particao
0 0.871669 0.123768 0.844475
1 0.898179 0.0970611 0.781285
2 0.877185 0.123293 0.84615
3 0.87736 0.121139 0.839964
4 0.880614 0.120417 0.839663
5 0.869658 0.126975 0.852714
6 0.878617 0.120677 0.839314
7 0.862302 0.136488 0.876379
8 0.82901 0.168805 0.952172
9 0.876934 0.119445 0.834785
10 0.892124 0.106519 0.805512
11 0.879642 0.117337 0.830141
12 0.870432 0.130725 0.86408
13 0.875478 0.125058 0.85035
14 0.873881 0.123862 0.845977
15 0.868318 0.129809 0.860237
16 0.873305 0.121505 0.838781
17 0.87015 0.131538 0.866295
18 0.890414 0.113393 0.824611
19 0.861452 0.141542 0.890649
20 0.876911 0.123452 0.846461
21 0.895674 0.105272 0.803844
22 0.863319 0.13651 0.877008
23 0.877941 0.120204 0.837559
24 0.875399 0.123178 0.844823
25 0.855428 0.139065 0.880082
26 0.888106 0.111044 0.81648
27 0.879439 0.1206 0.839545
28 0.890303 0.110608 0.816428
29 0.881583 0.114455 0.822811
30 0.868507 0.127134 0.852537
31 0.886013 0.112851 0.82059
32 0.887082 0.108007 0.807056
33 0.865326 0.132098 0.865253
34 0.877243 0.122181 0.842937
35 0.883886 0.118343 0.835427
36 0.888221 0.109802 0.812922
37 0.873625 0.123017 0.843369
38 0.883979 0.111095 0.81434
39 0.872255 0.129217 0.860694
40 0.872702 0.125231 0.849316
41 0.892441 0.104052 0.798492
42 0.857995 0.142702 0.892114
43 0.886561 0.11067 0.814534
44 0.893682 0.100773 0.789617
45 0.890972 0.110989 0.817908
46 0.88665 0.109307 0.810607
47 0.834598 0.171429 0.962925
48 0.883823 0.119283 0.838134
49 0.863576 0.134431 0.871085
50 0.846357 0.148632 0.902956
51 0.871695 0.128151 0.857274
52 0.866981 0.128891 0.856816
53 0.874413 0.126904 0.855143
54 0.8865 0.108982 0.809576
55 0.870522 0.1271 0.853557
56 0.867772 0.130842 0.862946
57 0.881539 0.117449 0.83152
58 0.847111 0.151534 0.911836
59 0.882219 0.119483 0.837829
60 0.860091 0.136642 0.875602
61 0.899069 0.0986986 0.786554
62 0.900876 0.0973211 0.783538
63 0.883343 0.114264 0.823229
64 0.865229 0.131606 0.863762
65 0.89225 0.108086 0.810152
66 0.878775 0.117204 0.829272
67 0.875768 0.123775 0.846768
68 0.863159 0.136385 0.876554
69 0.876647 0.120227 0.836908
70 0.883227 0.117625 0.832968
71 0.890518 0.10777 0.80827
72 0.901441 0.0990344 0.788849
73 0.875939 0.121274 0.83957
74 0.880983 0.115044 0.824197
75 0.869384 0.12724 0.853335
76 0.857083 0.147119 0.904491
77 0.88723 0.108923 0.809808
78 0.87416 0.125455 0.850776
79 0.868002 0.126319 0.84988
80 0.865811 0.13087 0.861939
81 0.869399 0.131207 0.864911
82 0.895232 0.100897 0.790837
83 0.874707 0.123083 0.844162
84 0.879057 0.11623 0.826586
85 0.883298 0.112412 0.817802
86 0.840145 0.15815 0.927269
87 0.890143 0.104688 0.799072
88 0.873264 0.123859 0.845624
89 0.87124 0.127947 0.856426
90 0.883474 0.112829 0.819116
91 0.893004 0.104775 0.800913
92 0.881821 0.121567 0.843686
93 0.866651 0.130074 0.860083
94 0.872909 0.127671 0.856546
95 0.873902 0.125344 0.850311
96 0.85983 0.135626 0.872493
97 0.880182 0.115292 0.824476
98 0.882628 0.116746 0.830071
99 0.897049 0.103905 0.80062

Criterio externo aleatoriamente
10 0.265942
20 0.33218
30 0.388038
40 0.373208
50 0.377163
60 0.377657
70 0.410776
80 0.379634
90 0.396935
100 0.38606

Ensembles com porcentagem dos melhores
9 0.247652
19 0.298072
29 0.329708
39 0.361839
49 0.372714
59 0.39743
69 0.399407
79 0.397924
89 0.410776
99 0.400395

Experimento 4
Taxa de mutação de 0.05 e num de pais 2
Geração 1

EXTERNO, INTERNO e N de FEATURES
0 0.196243 0.655491 65
1 0.272862 0.611457 78
2 0.190311 0.638015 61
3 0.214039 0.622494 67
4 0.204152 0.580967 71
5 0.244192 0.671909 65
6 0.200692 0.688986 55
7 0.234305 0.621292 77
8 0.185368 0.666316 48
9 0.228868 0.650998 59
10 0.239249 0.603128 82
11 0.178942 0.610578 64
12 0.235294 0.644943 68
13 0.222442 0.665701 57
14 0.198715 0.665504 55
15 0.168562 0.679461 60
16 0.207118 0.594591 61
17 0.180425 0.70225 63
18 0.21651 0.680845 59
19 0.269402 0.594818 79
20 0.194266 0.674184 74
21 0.197232 0.632637 62
22 0.235788 0.603416 79
23 0.242215 0.567622 74
24 0.172022 0.681286 61
25 0.211567 0.622053 65
26 0.218982 0.642427 72
27 0.221948 0.666704 64
28 0.20613 0.630933 78
29 0.219476 0.680871 68
30 0.233811 0.619315 72
31 0.178448 0.646089 68
32 0.226891 0.642169 64
33 0.233811 0.589061 70
34 0.19822 0.684299 68
35 0.209095 0.6493 62
36 0.200198 0.62977 56
37 0.17301 0.64507 68
38 0.171527 0.65682 72
39 0.191794 0.689055 59
40 0.214533 0.640094 68
41 0.279783 0.670156 75
42 0.221948 0.646544 60
43 0.192783 0.654445 59
44 0.185863 0.611811 68
45 0.219476 0.6181 79
46 0.18438 0.618468 68
47 0.188828 0.6395 70
48 0.217993 0.672909 60
49 0.220465 0.604608 70
50 0.188334 0.624837 59
51 0.260504 0.678809 81
52 0.243203 0.661007 56
53 0.249629 0.62678 68
54 0.201681 0.686742 54
55 0.189323 0.672765 53
56 0.20959 0.611588 79
57 0.215027 0.686405 60
58 0.204647 0.648889 66
59 0.212556 0.678071 49
60 0.193772 0.7096 57
61 0.21997 0.70861 62
62 0.217993 0.73365 55
63 0.196243 0.687159 60
64 0.211567 0.703146 59
65 0.216016 0.662868 58
66 0.201681 0.608354 65
67 0.189323 0.589523 69
68 0.208107 0.654738 46
69 0.269896 0.604609 72
70 0.234305 0.614625 64
71 0.186357 0.744992 50
72 0.209095 0.574208 79
73 0.221948 0.582589 85
74 0.215027 0.658658 56
75 0.201186 0.614754 58
76 0.204647 0.648893 76
77 0.271379 0.656961 76
78 0.171527 0.6879 51
79 0.203658 0.574033 66
80 0.249629 0.630492 69
81 0.204152 0.621608 59
82 0.232823 0.590035 69
83 0.265447 0.717426 52
84 0.196243 0.629326 60
85 0.236777 0.627008 71
86 0.212556 0.65253 72
87 0.195749 0.625866 72
88 0.223431 0.655341 72
89 0.200692 0.684824 62
90 0.18784 0.688008 51
91 0.202669 0.639135 64
92 0.234305 0.643187 62
93 0.215027 0.645891 70
94 0.230351 0.564536 76
95 0.233811 0.649491 67
96 0.223925 0.667672 67
97 0.208107 0.605362 60
98 0.18784 0.670852 68
99 0.247158 0.644554 80
PRECISAO DO ENSEMBLE 0.408304
Qualidade, diversidade e fitness por particao
0 0.88573 0.118565 0.831676
1 0.901076 0.103717 0.797273
2 0.863961 0.139079 0.87889
3 0.893485 0.11211 0.817319
4 0.87964 0.124206 0.844602
5 0.89123 0.111994 0.815738
6 0.871147 0.131986 0.862378
7 0.893008 0.117614 0.832949
8 0.863774 0.139397 0.879706
9 0.879497 0.127864 0.855088
10 0.894357 0.108783 0.808194
11 0.855417 0.151652 0.910479
12 0.893536 0.109418 0.809574
13 0.875919 0.1331 0.868231
14 0.864244 0.141728 0.886697
15 0.853225 0.15692 0.924481
16 0.877026 0.134702 0.873467
17 0.855993 0.152041 0.911921
18 0.872884 0.132492 0.864799
19 0.897489 0.111079 0.816553
20 0.861632 0.142341 0.887024
21 0.882754 0.122047 0.840088
22 0.890714 0.112193 0.816026
23 0.89364 0.114784 0.825125
24 0.859402 0.145436 0.894729
25 0.883206 0.122594 0.841917
26 0.889615 0.112513 0.816343
27 0.886253 0.115835 0.824082
28 0.886051 0.115698 0.823574
29 0.877169 0.132072 0.865952
30 0.894996 0.106835 0.80292
31 0.882407 0.123058 0.842816
32 0.877755 0.12804 0.854631
33 0.867108 0.144859 0.897321
34 0.868178 0.138254 0.878839
35 0.894052 0.110879 0.814077
36 0.87265 0.131863 0.862852
37 0.868954 0.133493 0.865517
38 0.871144 0.135763 0.873282
39 0.883237 0.119317 0.832469
40 0.879813 0.123237 0.841899
41 0.900762 0.105724 0.802896
42 0.868487 0.136918 0.87515
43 0.858858 0.146913 0.898695
44 0.869793 0.135164 0.870807
45 0.874052 0.132447 0.865312
46 0.86113 0.144796 0.893838
47 0.884827 0.116547 0.82535
48 0.895783 0.10463 0.796986
49 0.89222 0.114132 0.82246
50 0.865979 0.140165 0.883143
51 0.905134 0.0984104 0.784192
52 0.885485 0.120868 0.838191
53 0.884568 0.11955 0.833878
54 0.852198 0.154977 0.918303
55 0.854504 0.153633 0.915695
56 0.895612 0.107857 0.806212
57 0.860414 0.147451 0.90111
58 0.881778 0.120873 0.836159
59 0.851911 0.156576 0.922764
60 0.862686 0.144477 0.893775
61 0.885685 0.119142 0.833317
62 0.89326 0.109287 0.809041
63 0.869677 0.135529 0.871797
64 0.864086 0.140529 0.883147
65 0.890529 0.112678 0.817326
66 0.86981 0.136323 0.874163
67 0.870832 0.142088 0.891375
68 0.867368 0.141526 0.887839
69 0.895934 0.110031 0.812668
70 0.865723 0.144297 0.894933
71 0.861002 0.143832 0.890981
72 0.886761 0.115828 0.824341
73 0.898648 0.104625 0.798555
74 0.887249 0.116462 0.826441
75 0.869656 0.135797 0.87256
76 0.89245 0.108662 0.806791
77 0.900685 0.101936 0.791916
78 0.835701 0.173141 0.961645
79 0.875134 0.134686 0.872377
80 0.891943 0.111288 0.814093
81 0.864686 0.141813 0.887186
82 0.88487 0.124522 0.848402
83 0.903484 0.102729 0.795752
84 0.869671 0.13376 0.866684
85 0.888004 0.116709 0.827572
86 0.87595 0.128729 0.855624
87 0.87962 0.128125 0.855908
88 0.893895 0.108598 0.807405
89 0.869942 0.140499 0.886295
90 0.866775 0.13722 0.875078
91 0.883743 0.118843 0.83138
92 0.883235 0.124974 0.848806
93 0.897935 0.103707 0.795511
94 0.877417 0.128297 0.855188
95 0.886401 0.118857 0.832891
96 0.890718 0.115459 0.82546
97 0.873977 0.134737 0.871885
98 0.8714 0.134366 0.869391
99 0.901361 0.105614 0.80291

Criterio externo aleatoriamente
10 0.282748
20 0.321305
30 0.334652
40 0.354424
50 0.370737
60 0.363322
70 0.40089
80 0.376174
90 0.367276
100 0.391992

Ensembles com porcentagem dos melhores
9 0.263964
19 0.290657
29 0.307464
39 0.355907
49 0.380623
59 0.37914
69 0.40089
79 0.385072
89 0.403361
99 0.408304

Experimento 5
Taxa de mutação de 0.05 e num de pais 2
Geração 1

EXTERNO, INTERNO e N de FEATURES
0 0.211567 0.617519 65
1 0.230845 0.604226 65
2 0.196738 0.688446 57
3 0.185368 0.648959 52
4 0.185368 0.622219 69
5 0.239249 0.611844 79
6 0.177459 0.653959 62
7 0.241226 0.693353 66
8 0.249629 0.638062 68
9 0.16263 0.728511 44
10 0.220959 0.667173 66
11 0.21305 0.680026 57
12 0.217004 0.63326 74
13 0.236283 0.632939 60
14 0.236283 0.675856 58
15 0.189323 0.632861 57
16 0.177459 0.654704 55
17 0.215027 0.626643 62
18 0.199209 0.674113 61
19 0.223925 0.626634 68
20 0.181908 0.673471 55
21 0.192783 0.616375 77
22 0.250618 0.649784 70
23 0.24172 0.659645 76
24 0.178942 0.685089 54
25 0.217499 0.636208 75
26 0.161147 0.576318 64
27 0.206624 0.643014 70
28 0.20613 0.634266 71
29 0.228868 0.729504 53
30 0.235294 0.619777 79
31 0.202175 0.593408 71
32 0.235788 0.653131 72
33 0.222442 0.603148 59
34 0.264953 0.590472 91
35 0.210084 0.646032 70
36 0.246663 0.627165 63
37 0.241226 0.614951 71
38 0.208107 0.66128 62
39 0.237271 0.606303 74
40 0.200198 0.610863 69
41 0.255067 0.657192 69
42 0.250618 0.637371 67
43 0.214533 0.691316 68
44 0.224913 0.691943 67
45 0.211567 0.649382 72
46 0.216016 0.661212 59
47 0.230845 0.626691 77
48 0.16955 0.634127 54
49 0.184874 0.646249 58
50 0.217993 0.553229 74
51 0.180425 0.610207 61
52 0.232823 0.615134 77
53 0.208107 0.694736 57
54 0.208107 0.659112 64
55 0.218982 0.647615 58
56 0.196738 0.574268 69
57 0.250618 0.652965 59
58 0.211567 0.674334 58
59 0.260504 0.645261 74
60 0.249135 0.679862 59
61 0.226396 0.657458 61
62 0.203164 0.66341 52
63 0.247652 0.674033 70
64 0.21305 0.619259 67
65 0.17301 0.64434 52
66 0.248146 0.748358 56
67 0.237271 0.662122 62
68 0.197726 0.622195 71
69 0.292635 0.625885 78
70 0.221948 0.582693 87
71 0.215027 0.696955 57
72 0.209095 0.591064 67
73 0.212556 0.720209 55
74 0.228374 0.633986 75
75 0.198715 0.699738 58
76 0.204647 0.594271 73
77 0.243203 0.674515 67
78 0.19476 0.643264 62
79 0.21305 0.628004 72
80 0.21651 0.589022 74
81 0.223925 0.657501 60
82 0.208601 0.633242 69
83 0.228868 0.549228 67
84 0.214533 0.66696 73
85 0.190806 0.651185 61
86 0.21305 0.536719 69
87 0.229857 0.652906 64
88 0.211567 0.729587 53
89 0.18438 0.671739 61
90 0.227879 0.651465 63
91 0.244686 0.635687 73
92 0.235788 0.628564 69
93 0.223431 0.664867 59
94 0.237766 0.677083 72
95 0.229857 0.681898 62
96 0.162135 0.633583 61
97 0.212556 0.641576 61
98 0.23826 0.607976 76
99 0.171033 0.696211 45
PRECISAO DO ENSEMBLE 0.371725
Qualidade, diversidade e fitness por particao
0 0.87076 0.123713 0.85433
1 0.880467 0.113253 0.828443
2 0.861222 0.135396 0.883967
3 0.848615 0.150062 0.920815
4 0.867922 0.128181 0.866114
5 0.889953 0.103493 0.804529
6 0.858203 0.13938 0.894201
7 0.89366 0.100758 0.798411
8 0.889903 0.10898 0.820912
9 0.832251 0.167178 0.962906
10 0.885351 0.111521 0.825982
11 0.887558 0.113718 0.833778
12 0.87991 0.117192 0.839915
13 0.882755 0.114032 0.832047
14 0.868458 0.131958 0.877709
15 0.879456 0.11766 0.841062
16 0.850356 0.148347 0.916658
17 0.884894 0.110646 0.823108
18 0.870933 0.124618 0.85713
19 0.881616 0.113982 0.831263
20 0.858915 0.144871 0.911021
21 0.87771 0.117236 0.838824
22 0.887496 0.109755 0.821892
23 0.896537 0.0957794 0.785122
24 0.847566 0.153216 0.929665
25 0.869349 0.129493 0.870832
26 0.868252 0.131788 0.877085
27 0.883744 0.115801 0.837887
28 0.873923 0.120604 0.84679
29 0.88375 0.111794 0.825905
30 0.893624 0.0995324 0.794726
31 0.881075 0.113875 0.830643
32 0.88558 0.110872 0.824166
33 0.873645 0.125888 0.862438
34 0.895834 0.0994299 0.795649
35 0.870607 0.13019 0.873615
36 0.867839 0.130173 0.872026
37 0.893555 0.100569 0.797788
38 0.858475 0.140398 0.897397
39 0.889745 0.105978 0.811847
40 0.876719 0.12031 0.847467
41 0.898942 0.0949763 0.784057
42 0.883941 0.115847 0.838133
43 0.874411 0.119251 0.843013
44 0.878003 0.117755 0.840537
45 0.871773 0.12431 0.856679
46 0.859173 0.136343 0.885657
47 0.888399 0.104886 0.807831
48 0.855864 0.141267 0.898544
49 0.872651 0.121322 0.848228
50 0.883038 0.114268 0.83291
51 0.857036 0.141274 0.899216
52 0.881332 0.114585 0.83291
53 0.860294 0.138799 0.893628
54 0.88484 0.112522 0.82869
55 0.882336 0.115462 0.836089
56 0.872662 0.121407 0.848492
57 0.893734 0.102934 0.804962
58 0.883882 0.114895 0.835255
59 0.896219 0.0971111 0.788928
60 0.887654 0.108306 0.817646
61 0.887611 0.108784 0.819051
62 0.859144 0.141829 0.902049
63 0.89825 0.096825 0.789202
64 0.868936 0.128731 0.868322
65 0.868143 0.129106 0.869002
66 0.866315 0.131233 0.874348
67 0.886401 0.108448 0.817375
68 0.880064 0.11408 0.830692
69 0.890578 0.109812 0.823778
70 0.889139 0.107641 0.816482
71 0.870456 0.133572 0.883646
72 0.877654 0.117505 0.839596
73 0.862846 0.134097 0.880984
74 0.885722 0.112327 0.828598
75 0.866293 0.131639 0.87555
76 0.869325 0.12498 0.85732
77 0.88723 0.108325 0.817466
78 0.863696 0.137972 0.893047
79 0.874839 0.122002 0.85148
80 0.880408 0.118919 0.845358
81 0.870011 0.128291 0.867603
82 0.893736 0.100309 0.797112
83 0.885626 0.113977 0.833479
84 0.875471 0.120195 0.846427
85 0.86404 0.134242 0.882081
86 0.878073 0.120386 0.848447
87 0.884819 0.111048 0.82427
88 0.88692 0.107341 0.814351
89 0.850596 0.146024 0.909842
90 0.882522 0.113535 0.830431
91 0.889464 0.109759 0.822999
92 0.886512 0.11124 0.825786
93 0.878044 0.11971 0.846409
94 0.892751 0.102041 0.801744
95 0.881656 0.111894 0.825042
96 0.870253 0.127597 0.865663
97 0.880047 0.11568 0.835471
98 0.880421 0.118122 0.842981
99 0.830904 0.165606 0.957456

Criterio externo aleatoriamente
10 0.28176
20 0.30697
30 0.339595
40 0.399407
50 0.370242
60 0.393475
70 0.37568
80 0.384577
90 0.356896
100 0.388038

Ensembles com porcentagem dos melhores
9 0.262481
19 0.310924
29 0.336629
39 0.351953
49 0.35739
59 0.367276
69 0.387049
79 0.367276
89 0.384083
99 0.371725

Experimento 6
Taxa de mutação de 0.05 e num de pais 2
Geração 1

EXTERNO, INTERNO e N de FEATURES
0 0.214039 0.630397 66
1 0.170539 0.616992 57
2 0.229857 0.696372 52
3 0.269896 0.67736 56
4 0.217004 0.602192 80
5 0.199703 0.611165 54
6 0.257044 0.644318 74
7 0.19476 0.615827 57
8 0.226891 0.642314 61
9 0.211073 0.618118 61
10 0.201681 0.708795 51
11 0.16955 0.703476 41
12 0.184874 0.64078 60
13 0.251112 0.618613 70
14 0.206624 0.666045 66
15 0.200198 0.648599 70
16 0.229857 0.663269 65
17 0.196738 0.623641 63
18 0.207118 0.577219 72
19 0.179436 0.707933 49
20 0.163618 0.652156 58
21 0.189817 0.638977 73
22 0.214533 0.537562 84
23 0.241226 0.695174 65
24 0.272368 0.577539 87
25 0.249629 0.627763 71
26 0.204647 0.721056 57
27 0.230845 0.698309 64
28 0.186357 0.671918 58
29 0.223925 0.618912 80
30 0.224913 0.572311 70
31 0.260999 0.647553 82
32 0.189323 0.677622 56
33 0.208107 0.634031 64
34 0.187346 0.569531 76
35 0.212061 0.741334 51
36 0.207118 0.601686 70
37 0.202669 0.686483 59
38 0.246663 0.667348 68
39 0.235294 0.613505 70
40 0.219476 0.621121 65
41 0.209095 0.652392 68
42 0.20613 0.614146 70
43 0.162135 0.657279 49
44 0.279783 0.63617 74
45 0.193772 0.596736 69
46 0.193772 0.653597 66
47 0.257044 0.67425 66
48 0.198715 0.640939 55
49 0.210578 0.621068 73
50 0.206624 0.647104 57
51 0.188828 0.557426 72
52 0.200198 0.648495 63
53 0.220465 0.601507 81
54 0.183391 0.718112 49
55 0.177459 0.657087 60
56 0.225902 0.626327 70
57 0.164607 0.618474 68
58 0.209095 0.662862 71
59 0.19822 0.63862 75
60 0.235788 0.605259 67
61 0.199703 0.648496 62
62 0.180919 0.623332 64
63 0.198715 0.62281 65
64 0.203658 0.55928 69
65 0.211567 0.557917 80
66 0.222442 0.57463 76
67 0.23134 0.629098 62
68 0.19476 0.605759 68
69 0.174493 0.608288 74
70 0.175482 0.667892 57
71 0.254078 0.614693 73
72 0.193772 0.675101 53
73 0.217499 0.620636 82
74 0.208107 0.631623 67
75 0.226891 0.644806 71
76 0.201186 0.652168 64
77 0.206624 0.674434 61
78 0.202175 0.65229 67
79 0.232823 0.586351 66
80 0.24172 0.680783 69
81 0.199703 0.616802 68
82 0.192289 0.61563 69
83 0.211073 0.698659 54
84 0.217004 0.622991 64
85 0.229362 0.596445 74
86 0.211567 0.679007 67
87 0.208107 0.641399 66
88 0.211567 0.64342 68
89 0.182897 0.626904 69
90 0.189817 0.670042 51
91 0.195749 0.613135 63
92 0.18784 0.575918 65
93 0.190806 0.610793 61
94 0.207118 0.652528 66
95 0.196243 0.635899 58
96 0.201681 0.656005 74
97 0.196243 0.69355 55
98 0.196738 0.706721 42
99 0.200198 0.55315 73
PRECISAO DO ENSEMBLE 0.413248
Qualidade, diversidade e fitness por particao
0 0.868713 0.133198 0.890429
1 0.851679 0.148846 0.929185
2 0.869708 0.133408 0.891625
3 0.89124 0.112485 0.839116
4 0.88074 0.119856 0.856002
5 0.862911 0.139229 0.905787
6 0.904235 0.0964383 0.7969
7 0.876563 0.123075 0.863605
8 0.88485 0.119915 0.858458
9 0.864059 0.136512 0.898058
10 0.864215 0.144304 0.922134
11 0.844301 0.160837 0.962023
12 0.879738 0.11867 0.851799
13 0.889625 0.114379 0.844055
14 0.857201 0.145241 0.921138
15 0.879695 0.119857 0.855429
16 0.878001 0.122886 0.863816
17 0.859343 0.143164 0.915928
18 0.884991 0.117883 0.85228
19 0.84562 0.162409 0.967588
20 0.853468 0.151355 0.937898
21 0.880879 0.119585 0.855248
22 0.889095 0.110718 0.832491
23 0.890748 0.110007 0.831216
24 0.893784 0.108754 0.829038
25 0.886376 0.116218 0.847919
26 0.848823 0.15809 0.956063
27 0.888396 0.110733 0.832152
28 0.860177 0.140753 0.908967
29 0.882091 0.119323 0.855109
30 0.874512 0.124264 0.866131
31 0.900513 0.0993836 0.80391
32 0.852634 0.151997 0.939413
33 0.880183 0.121059 0.859401
34 0.879286 0.122667 0.863855
35 0.851827 0.15262 0.940886
36 0.87522 0.124854 0.868338
37 0.862693 0.141222 0.911802
38 0.895408 0.103275 0.813066
39 0.886408 0.118308 0.854372
40 0.891149 0.109439 0.829689
41 0.882681 0.115518 0.843722
42 0.869551 0.133131 0.890686
43 0.863781 0.134685 0.89228
44 0.903784 0.0979521 0.801311
45 0.872272 0.127307 0.87426
46 0.84813 0.15517 0.946692
47 0.886713 0.11988 0.859382
48 0.874049 0.12567 0.870202
49 0.886554 0.112353 0.836118
50 0.867161 0.136483 0.899683
51 0.877607 0.125013 0.870147
52 0.851878 0.150342 0.933899
53 0.891284 0.110449 0.832874
54 0.847363 0.156395 0.950039
55 0.869969 0.127413 0.873313
56 0.880752 0.122548 0.864297
57 0.870434 0.136327 0.901013
58 0.870763 0.128662 0.877598
59 0.892157 0.107392 0.823944
60 0.885042 0.114159 0.840843
61 0.880036 0.122488 0.863718
62 0.843188 0.157066 0.949797
63 0.865525 0.135578 0.895993
64 0.86792 0.135577 0.897314
65 0.869294 0.129947 0.880741
66 0.894406 0.111791 0.83873
67 0.87518 0.127272 0.87576
68 0.874914 0.125194 0.869216
69 0.861611 0.139171 0.904889
70 0.855073 0.146287 0.923183
71 0.884125 0.116719 0.848218
72 0.865536 0.134958 0.894092
73 0.883897 0.115955 0.84574
74 0.878266 0.122827 0.863782
75 0.894718 0.104796 0.817368
76 0.855421 0.147305 0.92651
77 0.863295 0.139199 0.905907
78 0.886149 0.113739 0.840162
79 0.887017 0.114271 0.842281
80 0.891493 0.107956 0.825314
81 0.880353 0.118186 0.850649
82 0.861661 0.148997 0.93517
83 0.866788 0.136581 0.89978
84 0.878687 0.125649 0.872701
85 0.890702 0.10737 0.823072
86 0.874374 0.129106 0.880962
87 0.878079 0.121567 0.8598
88 0.877429 0.124759 0.869269
89 0.873344 0.127332 0.874929
90 0.857257 0.148704 0.931831
91 0.865412 0.136785 0.899646
92 0.877323 0.125004 0.869963
93 0.865114 0.13489 0.893647
94 0.845615 0.159607 0.958961
95 0.852727 0.148616 0.929055
96 0.876428 0.123887 0.86603
97 0.849309 0.154437 0.945087
98 0.858932 0.140016 0.906012
99 0.871898 0.129214 0.879924

Criterio externo aleatoriamente
10 0.300544
20 0.342066
30 0.352447
40 0.382106
50 0.377657
60 0.390509
70 0.435492
80 0.366288
90 0.412259
100 0.389026

Ensembles com porcentagem dos melhores
9 0.24518
19 0.307464
29 0.321799
39 0.370737
49 0.390509
59 0.403361
69 0.406822
79 0.378151
89 0.414236
99 0.413248

Experimento 7
Taxa de mutação de 0.05 e num de pais 2
Geração 1

EXTERNO, INTERNO e N de FEATURES
0 0.204152 0.576818 77
1 0.201186 0.712759 52
2 0.207612 0.626885 64
3 0.20959 0.65141 76
4 0.217004 0.657187 58
5 0.229857 0.658427 67
6 0.220465 0.624947 68
7 0.192289 0.66308 63
8 0.223431 0.57834 73
9 0.235294 0.630387 61
10 0.21305 0.610181 70
11 0.211567 0.625347 70
12 0.215027 0.614445 75
13 0.246169 0.708581 63
14 0.253584 0.615524 76
15 0.2348 0.656056 62
16 0.203164 0.661845 58
17 0.18438 0.605558 71
18 0.255067 0.60692 89
19 0.294612 0.634863 78
20 0.185863 0.655113 62
21 0.217993 0.624376 67
22 0.19822 0.688223 57
23 0.257044 0.660368 70
24 0.21305 0.645781 63
25 0.217993 0.676118 69
26 0.196243 0.672272 72
27 0.202669 0.655193 61
28 0.231834 0.695973 67
29 0.241226 0.576569 84
30 0.189323 0.580153 58
31 0.178448 0.609492 61
32 0.199209 0.610233 68
33 0.24518 0.649983 64
34 0.238754 0.683648 75
35 0.252101 0.622157 64
36 0.24172 0.647738 87
37 0.176965 0.696364 49
38 0.211567 0.642327 71
39 0.223431 0.67995 64
40 0.197726 0.656373 66
41 0.227385 0.62082 78
42 0.20959 0.636814 60
43 0.275334 0.627744 81
44 0.225408 0.613189 69
45 0.180919 0.695908 60
46 0.182897 0.638856 68
47 0.229362 0.642344 69
48 0.246169 0.606869 68
49 0.227879 0.59092 73
50 0.174493 0.593897 63
51 0.223431 0.661047 73
52 0.188334 0.599359 64
53 0.210578 0.612356 74
54 0.229362 0.63559 69
55 0.21997 0.574698 64
56 0.246663 0.623519 68
57 0.232823 0.667928 58
58 0.179436 0.632477 59
59 0.199703 0.634634 58
60 0.244686 0.598257 76
61 0.240732 0.622648 72
62 0.178448 0.688515 62
63 0.207118 0.646098 58
64 0.204152 0.606248 68
65 0.202669 0.602669 68
66 0.225902 0.624429 69
67 0.197232 0.564084 77
68 0.205635 0.707244 46
69 0.259021 0.613164 69
70 0.186851 0.619313 59
71 0.223431 0.64125 64
72 0.220465 0.653932 72
73 0.200692 0.59221 61
74 0.235788 0.593833 59
75 0.217499 0.589857 64
76 0.198715 0.652605 49
77 0.232823 0.593728 64
78 0.259021 0.652916 79
79 0.21305 0.629382 77
80 0.186357 0.617459 76
81 0.228868 0.642855 62
82 0.201681 0.651075 62
83 0.211073 0.642136 68
84 0.191794 0.630466 71
85 0.19476 0.708555 51
86 0.212556 0.642179 66
87 0.174988 0.666909 64
88 0.185368 0.702643 54
89 0.237271 0.593743 77
90 0.197232 0.613538 63
91 0.259516 0.607667 81
92 0.188828 0.663335 69
93 0.224419 0.621441 72
94 0.157687 0.641991 58
95 0.214039 0.580424 67
96 0.188828 0.645161 59
97 0.177954 0.66614 62
98 0.1913 0.686091 62
99 0.16955 0.593333 63
PRECISAO DO ENSEMBLE 0.396935
Qualidade, diversidade e fitness por particao
0 0.892096 0.113805 0.854701
1 0.881299 0.123165 0.878816
2 0.891357 0.116964 0.864435
3 0.896532 0.108646 0.840577
4 0.891934 0.115163 0.858971
5 0.904777 0.0999047 0.817045
6 0.888754 0.120542 0.874491
7 0.891604 0.114217 0.855752
8 0.894472 0.111664 0.849131
9 0.890154 0.1211 0.87705
10 0.893935 0.114831 0.859004
11 0.87725 0.136026 0.917875
12 0.890985 0.115776 0.860416
13 0.905291 0.100343 0.818733
14 0.903434 0.102275 0.823915
15 0.895101 0.116714 0.865687
16 0.8972 0.107119 0.836041
17 0.870291 0.13529 0.911693
18 0.908486 0.0992911 0.817111
19 0.908196 0.0969516 0.809443
20 0.885522 0.119987 0.870934
21 0.892511 0.12075 0.877218
22 0.860004 0.146672 0.942579
23 0.902111 0.108503 0.84318
24 0.885268 0.120519 0.872503
25 0.882945 0.126176 0.889383
26 0.886907 0.120739 0.874108
27 0.872184 0.135749 0.914207
28 0.907121 0.0958775 0.805406
29 0.906459 0.101805 0.824066
30 0.877054 0.131702 0.903889
31 0.882384 0.123981 0.882032
32 0.878153 0.128256 0.893432
33 0.893302 0.120878 0.878064
34 0.908267 0.0971804 0.810216
35 0.902422 0.103474 0.827208
36 0.904239 0.100413 0.818382
37 0.875595 0.13202 0.904108
38 0.881758 0.125044 0.8851
39 0.884104 0.125685 0.888445
40 0.860441 0.149043 0.950428
41 0.890567 0.117173 0.864672
42 0.871753 0.13715 0.918465
43 0.911335 0.0956433 0.806966
44 0.894371 0.114376 0.85778
45 0.881091 0.122503 0.876579
46 0.873443 0.137606 0.920856
47 0.886465 0.11901 0.868318
48 0.89426 0.116274 0.863812
49 0.891928 0.116266 0.862506
50 0.882003 0.12828 0.895619
51 0.890701 0.123163 0.88397
52 0.874069 0.131708 0.902271
53 0.894525 0.110219 0.844524
54 0.895717 0.110205 0.845133
55 0.881925 0.127127 0.891877
56 0.897537 0.107483 0.837396
57 0.867511 0.146073 0.944777
58 0.89028 0.117124 0.864355
59 0.878091 0.131471 0.903715
60 0.899971 0.106669 0.836118
61 0.903147 0.104037 0.829413
62 0.866258 0.140037 0.924716
63 0.882534 0.128333 0.896081
64 0.891182 0.117803 0.867032
65 0.890711 0.118605 0.869345
66 0.892347 0.115504 0.860291
67 0.879752 0.124729 0.88299
68 0.873808 0.132061 0.90326
69 0.901267 0.107301 0.838859
70 0.867776 0.137536 0.917523
71 0.90062 0.105818 0.833742
72 0.898697 0.107756 0.838909
73 0.872873 0.13862 0.923798
74 0.887923 0.118057 0.866059
75 0.864167 0.150282 0.956451
76 0.861759 0.143557 0.933544
77 0.889835 0.124569 0.888009
78 0.905843 0.100296 0.818885
79 0.889621 0.116901 0.86328
80 0.879327 0.128152 0.893741
81 0.894178 0.111492 0.848419
82 0.882897 0.12451 0.884011
83 0.889897 0.116381 0.861761
84 0.875604 0.132505 0.905669
85 0.867645 0.139114 0.922516
86 0.905582 0.101874 0.823808
87 0.872676 0.130193 0.896643
88 0.855741 0.155788 0.969499
89 0.888364 0.120281 0.873439
90 0.881964 0.122149 0.875921
91 0.907999 0.0991281 0.816321
92 0.888686 0.114825 0.856104
93 0.904804 0.100944 0.820396
94 0.86472 0.140963 0.926845
95 0.890928 0.117013 0.864355
96 0.86812 0.140663 0.927747
97 0.87634 0.130662 0.900158
98 0.897985 0.105369 0.830857
99 0.862982 0.145395 0.940115

Criterio externo aleatoriamente
10 0.290657
20 0.313396
30 0.364805
40 0.403856
50 0.374197
60 0.389521
70 0.341572
80 0.398913
90 0.38606
100 0.377657

Ensembles com porcentagem dos melhores
9 0.275828
19 0.338112
29 0.330697
39 0.353435
49 0.347504
59 0.366288
69 0.36431
79 0.35739
89 0.39743
99 0.396935

Experimento 8
Taxa de mutação de 0.05 e num de pais 2
Geração 1

EXTERNO, INTERNO e N de FEATURES
0 0.226396 0.578371 71
1 0.205141 0.578559 68
