Carregando documentos....
2023 documentos carregados com 1311 termos.
Experimento 1
Taxa de mutação de 0.05 e num de pais 2
Geração 1

EXTERNO, INTERNO e N de FEATURES
0 0.174988 0 13
1 0.174493 0 13
2 0.172022 0 15
3 0.164607 0 17
4 0.170044 0 6
5 0.170539 0 9
6 0.173999 0 13
7 0.169056 0 16
8 0.168562 0 17
9 0.16609 0 13
10 0.173999 0 9
11 0.181414 0 14
12 0.164113 0 19
13 0.169056 0 11
14 0.175976 0 12
15 0.175976 0 7
16 0.175976 0 21
17 0.178942 0 11
18 0.178448 0 13
19 0.170044 0.539071 15
20 0.163124 0 16
21 0.188334 0 12
22 0.179436 0 17
23 0.168562 0 13
24 0.161641 0 16
25 0.164607 0 12
26 0.176471 0 12
27 0.165596 0 15
28 0.174988 0 17
29 0.176965 0 19
30 0.165596 0 15
31 0.17301 0 9
32 0.174493 0 8
33 0.174988 0 16
34 0.186357 0 18
35 0.165101 0 13
36 0.193772 0 13
37 0.168562 0.537342 13
38 0.176471 0 10
39 0.175976 0 19
40 0.170044 0 14
41 0.16955 0 14
42 0.179931 0 14
43 0.177954 0 12
44 0.169056 0 10
45 0.180919 0 11
46 0.17301 0 16
47 0.15917 0 19
48 0.177459 0 15
49 0.171527 0 9
50 0.1913 0.455942 20
51 0.179436 0 20
52 0.174988 0 12
53 0.175482 0 18
54 0.174988 0 11
55 0.168067 0 17
56 0.183885 0 13
57 0.173505 0 14
58 0.173999 0.49925 11
59 0.178448 0 14
60 0.163124 0.582064 10
61 0.177954 0 15
62 0.174493 0 12
63 0.179436 0 6
64 0.160158 0 8
65 0.172022 0.570726 13
66 0.161641 0 8
67 0.167079 0 12
68 0.185863 0 13
69 0.163124 0 9
70 0.179931 0 15
71 0.157687 0 10
72 0.174493 0 6
73 0.181414 0 14
74 0.176471 0 21
75 0.157192 0 14
76 0.167079 0.50375 15
77 0.183885 0.518965 13
78 0.18784 0 10
79 0.159664 0 16
80 0.175976 0 10
81 0.167573 0 10
82 0.170539 0 14
83 0.171033 0 13
84 0.180919 0 17
85 0.165101 0 14
86 0.166584 0.50605 15
87 0.190806 0 21
88 0.168067 0 15
89 0.158675 0 20
90 0.172516 0 15
91 0.181414 0 14
92 0.191794 0 9
93 0.178942 0 9
94 0.161641 0 12
95 0.175482 0 15
96 0.16609 0 23
97 0.16609 0 8
98 0.176471 0 12
99 0.167573 0 7
PRECISAO DO ENSEMBLE 0.401384
Qualidade, diversidade e fitness por particao
0 0.93822 0.0464184 0.994814
1 0.938488 0.0460614 0.991147
2 0.938068 0.0463944 0.994477
3 0.938175 0.0462568 0.993065
4 0.937948 0.0465463 0.996034
5 0.938504 0.0458861 0.989286
6 0.938773 0.0459934 0.990573
7 0.938204 0.0461923 0.992393
8 0.938083 0.0463108 0.993593
9 0.938398 0.0461581 0.992132
10 0.938697 0.0460226 0.990845
11 0.937853 0.0467818 0.998495
12 0.938342 0.046108 0.991567
13 0.938302 0.0462018 0.992547
14 0.938754 0.0461321 0.992043
15 0.9382 0.0462336 0.992831
16 0.938531 0.0458534 0.98895
17 0.939047 0.0457235 0.987839
18 0.938587 0.0460761 0.991356
19 0.938516 0.0461329 0.991925
20 0.938127 0.046008 0.990385
21 0.93852 0.0464055 0.994836
22 0.93849 0.0461311 0.991892
23 0.938257 0.0463154 0.993734
24 0.938013 0.0461829 0.99219
25 0.938793 0.0457543 0.988033
26 0.938798 0.0459528 0.990154
27 0.938347 0.0460301 0.990739
28 0.938658 0.0461618 0.992309
29 0.938631 0.0458663 0.989142
30 0.938264 0.046392 0.994555
31 0.938539 0.0462006 0.99266
32 0.93908 0.0458725 0.989447
33 0.938175 0.0463896 0.994483
34 0.938369 0.0464725 0.995471
35 0.938263 0.0461107 0.991553
36 0.938769 0.0462126 0.992911
37 0.938674 0.046032 0.990932
38 0.938854 0.046084 0.991583
39 0.937867 0.0465999 0.996562
40 0.938082 0.0463657 0.994178
41 0.938422 0.0461105 0.991636
42 0.938731 0.0459569 0.990162
43 0.938997 0.0461242 0.992089
44 0.937709 0.0465532 0.995979
45 0.938885 0.0459356 0.990016
46 0.938287 0.0461612 0.992105
47 0.938075 0.0462787 0.993246
48 0.938835 0.0459292 0.989921
49 0.938685 0.0458995 0.989525
50 0.938925 0.0458939 0.989593
51 0.938503 0.0463395 0.994122
52 0.938335 0.0462434 0.993007
53 0.93784 0.0468616 0.99934
54 0.938852 0.0459729 0.990396
55 0.938403 0.0460912 0.99142
56 0.938658 0.0459466 0.990013
57 0.938458 0.0462497 0.993141
58 0.938323 0.0461507 0.992011
59 0.938142 0.0464388 0.99499
60 0.93831 0.0463006 0.993604
61 0.938904 0.0459439 0.990115
62 0.938449 0.0461028 0.991569
63 0.938949 0.0455904 0.986367
64 0.938314 0.0459742 0.990124
65 0.938898 0.0461425 0.992231
66 0.938437 0.0458954 0.989349
67 0.938539 0.0459155 0.989617
68 0.939048 0.0456884 0.987466
69 0.938434 0.0461026 0.991558
70 0.938794 0.0459869 0.990516
71 0.937857 0.0463217 0.993588
72 0.938486 0.0458912 0.98933
73 0.938665 0.0459443 0.989992
74 0.938296 0.046209 0.99262
75 0.938011 0.0464202 0.994721
76 0.938343 0.0458717 0.989046
77 0.938598 0.0460478 0.99106
78 0.938834 0.0460484 0.991193
79 0.937744 0.0465251 0.995698
80 0.938355 0.0461828 0.992372
81 0.938335 0.046064 0.991093
82 0.938631 0.0460749 0.991367
83 0.938138 0.0461787 0.992212
84 0.93858 0.0460452 0.991023
85 0.938208 0.0459801 0.990131
86 0.938548 0.0461553 0.992181
87 0.939062 0.0460422 0.991247
88 0.938283 0.0463198 0.993795
89 0.938347 0.0459716 0.990114
90 0.93841 0.0463097 0.993755
91 0.938406 0.046102 0.991537
92 0.938679 0.0463001 0.993796
93 0.938857 0.0458329 0.988906
94 0.937858 0.0463909 0.994327
95 0.938777 0.0459564 0.990181
96 0.938263 0.0461243 0.991699
97 0.938041 0.0465114 0.995711
98 0.938647 0.0459403 0.98994
99 0.93841 0.0459458 0.989873

Criterio externo aleatoriamente
10 0.193772
20 0.240237
30 0.282748
40 0.301532
50 0.304004
60 0.338606
70 0.332674
80 0.348492
90 0.365299
100 0.356401

Ensembles com porcentagem dos melhores
9 0.188334
19 0.248641
29 0.275828
39 0.294612
49 0.318833
59 0.350964
69 0.347998
79 0.341078
89 0.399407
99 0.401384

Experimento 2
Taxa de mutação de 0.05 e num de pais 2
Geração 1

EXTERNO, INTERNO e N de FEATURES
0 0.171033 0 9
1 0.160158 0 13
2 0.185368 0 9
3 0.179931 0 9
4 0.204647 0 16
5 0.167079 0 17
6 0.180425 0 12
7 0.170539 0.494121 17
8 0.174988 0 16
9 0.17301 0 14
10 0.170044 0 15
11 0.186851 0 7
12 0.167573 0 13
13 0.163618 0 11
14 0.176471 0 13
15 0.15917 0 8
16 0.173505 0 12
17 0.176965 0 13
18 0.1913 0 16
19 0.162135 0 17
20 0.173999 0 16
21 0.177459 0 12
22 0.174988 0 8
23 0.178448 0 15
24 0.17301 0 20
25 0.176471 0 9
26 0.173505 0 19
27 0.186851 0 15
28 0.163124 0.426961 7
29 0.181414 0 12
30 0.175482 0 14
31 0.159664 0 11
32 0.171527 0 19
33 0.165596 0.478905 16
34 0.181908 0 15
35 0.175976 0 8
36 0.178448 0 18
37 0.174988 0 12
38 0.169056 0 11
39 0.182897 0 18
40 0.168562 0 10
41 0.171527 0 13
42 0.155709 0 12
43 0.182402 0 7
44 0.183391 0 16
45 0.182897 0 17
46 0.167573 0 19
47 0.178942 0.568073 8
48 0.182897 0 18
49 0.172022 0.478574 12
50 0.170539 0 10
51 0.175976 0 7
52 0.179931 0 14
53 0.172022 0 13
54 0.185368 0 17
55 0.168067 0 13
56 0.173505 0 18
57 0.170044 0 10
58 0.188334 0 16
59 0.173999 0 14
60 0.167079 0 18
61 0.163618 0 15
62 0.17301 0.586992 11
63 0.174988 0 14
64 0.176471 0 10
65 0.193277 0.570672 17
66 0.173505 0 15
67 0.179931 0 16
68 0.172022 0 10
69 0.17301 0 17
70 0.168562 0 11
71 0.171033 0 13
72 0.167573 0 12
73 0.178942 0 12
74 0.18438 0 12
75 0.184874 0 16
76 0.171033 0 14
77 0.179436 0 13
78 0.172516 0 16
79 0.18438 0.610758 8
80 0.170044 0 7
81 0.171527 0.482356 10
82 0.167079 0 12
83 0.182897 0 9
84 0.178942 0 12
85 0.167573 0 9
86 0.174988 0 14
87 0.182897 0 12
88 0.166584 0 13
89 0.181908 0 12
90 0.159664 0 9
91 0.195255 0 14
92 0.170539 0 18
93 0.159664 0 12
94 0.16609 0 11
95 0.167573 0 13
96 0.173505 0 9
97 0.182402 0 14
98 0.179931 0 14
99 0.181414 0 10
PRECISAO DO ENSEMBLE 0.392981
Qualidade, diversidade e fitness por particao
0 0.938005 0.0465061 0.997562
1 0.937761 0.0466755 0.999247
2 0.938485 0.0464442 0.997153
3 0.938313 0.0462457 0.994936
4 0.939011 0.0460309 0.993007
5 0.938914 0.0458169 0.990662
6 0.938638 0.045983 0.992295
7 0.938701 0.0462113 0.994775
8 0.938729 0.0459268 0.991741
9 0.938699 0.0457739 0.990087
10 0.938414 0.0460889 0.99331
11 0.938781 0.0461944 0.994636
12 0.938413 0.0461609 0.99408
13 0.938181 0.0461332 0.993661
14 0.938813 0.0462821 0.995592
15 0.93778 0.0465096 0.997479
16 0.938568 0.0461757 0.994322
17 0.938547 0.0462932 0.995569
18 0.938436 0.0464906 0.997625
19 0.938466 0.046043 0.992846
20 0.938568 0.0462084 0.994672
21 0.939176 0.0458057 0.990682
22 0.938648 0.0459919 0.992396
23 0.938943 0.0460126 0.992775
24 0.938348 0.0462305 0.994791
25 0.938228 0.0466131 0.998827
26 0.938337 0.0461654 0.994089
27 0.938574 0.0462223 0.994825
28 0.938156 0.0461382 0.993701
29 0.938702 0.0460428 0.992969
30 0.938454 0.0460884 0.993326
31 0.938183 0.0461403 0.993738
32 0.938182 0.0464701 0.99727
33 0.938122 0.0461604 0.99392
34 0.938736 0.0461089 0.993696
35 0.938539 0.0464039 0.996751
36 0.938471 0.0463892 0.996557
37 0.938621 0.0463023 0.995706
38 0.938131 0.0462992 0.995412
39 0.93811 0.0465133 0.997694
40 0.938337 0.0463794 0.996381
41 0.938518 0.0461852 0.994397
42 0.938027 0.0464095 0.996538
43 0.939169 0.0456677 0.9892
44 0.938413 0.0462186 0.994699
45 0.938087 0.0462956 0.99535
46 0.938102 0.0463999 0.996476
47 0.938455 0.0463555 0.996188
48 0.938741 0.0461688 0.99434
49 0.938698 0.0459997 0.992506
50 0.938925 0.0457639 0.990101
51 0.938568 0.0458734 0.991083
52 0.939142 0.0460099 0.992852
53 0.938577 0.046187 0.994447
54 0.938937 0.0461691 0.994448
55 0.938885 0.045954 0.992116
56 0.93833 0.0462587 0.995084
57 0.938355 0.0462802 0.995328
58 0.938621 0.0460052 0.992523
59 0.938586 0.0462015 0.994608
60 0.938526 0.0460268 0.992704
61 0.938496 0.0460769 0.993225
62 0.938181 0.0464558 0.997116
63 0.938524 0.0462057 0.994619
64 0.938453 0.0461462 0.993944
65 0.938825 0.0463095 0.995892
66 0.938692 0.0459894 0.992392
67 0.938291 0.0462219 0.994669
68 0.938537 0.046326 0.995915
69 0.938248 0.0463908 0.996455
70 0.938435 0.0463062 0.995649
71 0.938111 0.0465927 0.998546
72 0.938456 0.0463853 0.996507
73 0.938639 0.046238 0.995027
74 0.938832 0.0460271 0.99287
75 0.938949 0.0459436 0.992038
76 0.938553 0.0460957 0.993457
77 0.93878 0.0460142 0.992704
78 0.938384 0.0460398 0.992768
79 0.938794 0.0460855 0.993475
80 0.938287 0.0464629 0.997249
81 0.938498 0.046239 0.994962
82 0.938229 0.0463341 0.995838
83 0.938759 0.0461437 0.994081
84 0.938321 0.0464426 0.997049
85 0.938229 0.0463969 0.996511
86 0.938201 0.0463105 0.99557
87 0.938704 0.0462781 0.995491
88 0.938299 0.0463006 0.995516
89 0.938621 0.0460012 0.992481
90 0.938207 0.0461133 0.993461
91 0.938988 0.0459682 0.992322
92 0.938268 0.0462297 0.994741
93 0.938299 0.0461349 0.993742
94 0.938533 0.0459341 0.991715
95 0.938337 0.0463969 0.996569
96 0.938557 0.0459727 0.992141
97 0.938805 0.0462752 0.995514
98 0.938619 0.0460552 0.993058
99 0.938199 0.0464603 0.997174

Criterio externo aleatoriamente
10 0.205635
20 0.232328
30 0.248146
40 0.311913
50 0.301038
60 0.322294
70 0.345526
80 0.338606
90 0.336134
100 0.361345

Ensembles com porcentagem dos melhores
9 0.205635
19 0.228374
29 0.28176
39 0.327237
49 0.345526
59 0.344538
69 0.361839
79 0.382106
89 0.387049
99 0.392981

Experimento 3
Taxa de mutação de 0.05 e num de pais 2
Geração 1

EXTERNO, INTERNO e N de FEATURES
0 0.171527 0 8
1 0.183391 0 10
2 0.190311 0 11
3 0.172516 0 10
4 0.165596 0 10
5 0.167573 0 11
6 0.171527 0 10
7 0.17301 0 14
8 0.172516 0.459852 11
9 0.176471 0 14
10 0.178448 0 18
11 0.174493 0 12
12 0.157687 0.491064 23
13 0.172022 0 13
14 0.190311 0 15
15 0.158181 0 9
16 0.180425 0 14
17 0.161147 0 15
18 0.181414 0.443441 16
19 0.199209 0 17
20 0.172022 0 8
21 0.179931 0 10
22 0.182402 0 23
23 0.18438 0 16
24 0.161641 0 19
25 0.17301 0 19
26 0.177954 0 18
27 0.180919 0.521766 17
28 0.18438 0 13
29 0.165101 0 11
30 0.164113 0 18
31 0.18438 0 11
32 0.167573 0 8
33 0.178942 0 10
34 0.178448 0 12
35 0.174493 0 7
36 0.176965 0 13
37 0.182897 0 14
38 0.165596 0 13
39 0.170539 0 11
40 0.156698 0 13
41 0.164113 0 11
42 0.159664 0 15
43 0.164607 0 9
44 0.170539 0 14
45 0.179436 0 12
46 0.165101 0 10
47 0.173999 0 19
48 0.171033 0 12
49 0.182897 0 7
50 0.163124 0 10
51 0.17301 0 17
52 0.16955 0 13
53 0.168562 0.495105 17
54 0.179436 0 15
55 0.166584 0 13
56 0.188334 0 15
57 0.164113 0 11
58 0.163124 0 14
59 0.170539 0 15
60 0.172022 0 13
61 0.171033 0 15
62 0.179436 0 13
63 0.17301 0 13
64 0.179436 0 15
65 0.166584 0 14
66 0.17301 0 17
67 0.172022 0.416291 9
68 0.174988 0 10
69 0.159664 0 7
70 0.166584 0 15
71 0.174988 0 11
72 0.172516 0 17
73 0.181908 0 11
74 0.170044 0 10
75 0.167079 0 12
76 0.173999 0 15
77 0.186357 0.567834 12
78 0.18438 0 13
79 0.170044 0 11
80 0.18438 0 11
81 0.176471 0 16
82 0.176471 0.51496 16
83 0.179436 0.719884 20
84 0.164607 0 19
85 0.174988 0 13
86 0.179931 0 21
87 0.170539 0 13
88 0.167573 0 10
89 0.162135 0 13
90 0.172516 0 15
91 0.176965 0 16
92 0.173999 0 13
93 0.156204 0 14
94 0.164113 0 14
95 0.181414 0.43619 13
96 0.172022 0 14
97 0.168067 0 16
98 0.173505 0 11
99 0.174988 0 10
PRECISAO DO ENSEMBLE 0.373208
Qualidade, diversidade e fitness por particao
0 0.937898 0.0462917 0.995941
1 0.937952 0.0464062 0.997198
2 0.939059 0.04588 0.992143
3 0.938236 0.0462516 0.995692
4 0.938209 0.0460474 0.993486
5 0.938121 0.0462048 0.995128
6 0.938167 0.0461362 0.994417
7 0.938614 0.0457485 0.990495
8 0.938447 0.046223 0.995497
9 0.938589 0.0458518 0.99159
10 0.938435 0.0459607 0.992677
11 0.938926 0.0458008 0.991223
12 0.938197 0.0462065 0.995187
13 0.93849 0.0462875 0.996211
14 0.938713 0.0459543 0.992756
15 0.938362 0.045842 0.991364
16 0.93904 0.0456582 0.989753
17 0.938276 0.0460265 0.993297
18 0.938916 0.046006 0.993418
19 0.938875 0.046106 0.99447
20 0.938303 0.0461035 0.994138
21 0.938689 0.0459762 0.992978
22 0.938514 0.0463201 0.996575
23 0.938953 0.0458088 0.991322
24 0.938121 0.0460889 0.993885
25 0.9385 0.0459959 0.993089
26 0.938824 0.045806 0.991224
27 0.938419 0.0462369 0.99563
28 0.938757 0.0463968 0.997527
29 0.938037 0.0460144 0.99304
30 0.938411 0.0460884 0.994033
31 0.938669 0.0460769 0.994047
32 0.938373 0.0459638 0.992676
33 0.938293 0.0464777 0.998147
34 0.938287 0.0464145 0.997465
35 0.938614 0.046088 0.994138
36 0.938319 0.0461568 0.994718
37 0.938843 0.0457454 0.990584
38 0.938713 0.0456628 0.989628
39 0.938503 0.0462182 0.995475
40 0.938365 0.0461175 0.994321
41 0.938249 0.0461828 0.99496
42 0.938379 0.0457986 0.990908
43 0.938038 0.046366 0.996813
44 0.938224 0.0462103 0.995242
45 0.938135 0.0462301 0.995407
46 0.938071 0.0461956 0.995003
47 0.938765 0.0458947 0.992144
48 0.938354 0.0460786 0.993898
49 0.938129 0.0461982 0.995061
50 0.938434 0.046044 0.993569
51 0.938451 0.0459791 0.992883
52 0.938869 0.0457426 0.990567
53 0.938504 0.0459352 0.99244
54 0.938699 0.0458753 0.991901
55 0.937885 0.0463953 0.997046
56 0.93873 0.0459431 0.992644
57 0.938177 0.0460741 0.993756
58 0.938385 0.0458695 0.991672
59 0.93862 0.0459545 0.992708
60 0.938964 0.0457054 0.990219
61 0.938587 0.0460083 0.993268
62 0.938169 0.0462909 0.996077
63 0.938335 0.0462965 0.996226
64 0.938641 0.0461408 0.994719
65 0.93831 0.0463934 0.997252
66 0.938302 0.0460145 0.993182
67 0.938538 0.0458785 0.99185
68 0.938147 0.0463858 0.997084
69 0.938552 0.0457846 0.99085
70 0.938256 0.0459866 0.992859
71 0.938254 0.0463051 0.996274
72 0.938567 0.0462613 0.995971
73 0.938606 0.046036 0.993575
74 0.938137 0.0461915 0.994994
75 0.938577 0.0457915 0.990936
76 0.938283 0.0461186 0.99429
77 0.938917 0.0460145 0.99351
78 0.938774 0.0459676 0.992931
79 0.93808 0.0463866 0.997056
80 0.938625 0.0462416 0.995791
81 0.937955 0.0464411 0.997575
82 0.938639 0.0460955 0.994231
83 0.93873 0.0462485 0.995921
84 0.938345 0.0460108 0.993166
85 0.938291 0.0462311 0.9955
86 0.938731 0.0457817 0.990914
87 0.938249 0.0462307 0.995474
88 0.939158 0.0458074 0.991417
89 0.938448 0.0459965 0.993068
90 0.938488 0.0460419 0.993576
91 0.938723 0.0459757 0.99299
92 0.938451 0.0459464 0.992531
93 0.937836 0.0461112 0.993972
94 0.93814 0.0460784 0.993782
95 0.938819 0.0458556 0.991753
96 0.938451 0.0460696 0.993853
97 0.938005 0.0466075 0.999386
98 0.938436 0.0460262 0.99338
99 0.938587 0.0460399 0.993607

Criterio externo aleatoriamente
10 0.201186
20 0.254572
30 0.262976
40 0.26001
50 0.306476
60 0.322294
70 0.321305
80 0.311419
90 0.343055
100 0.356896

Ensembles com porcentagem dos melhores
9 0.208601
19 0.247652
29 0.268413
39 0.315373
49 0.329708
59 0.386555
69 0.346021
79 0.388532
89 0.412259
99 0.373208

Experimento 4
Taxa de mutação de 0.05 e num de pais 2
Geração 1

EXTERNO, INTERNO e N de FEATURES
0 0.167079 0.571821 17
1 0.174988 0.520445 14
2 0.166584 0 16
3 0.181908 0 11
4 0.16609 0 10
5 0.169056 0 12
6 0.170539 0 11
7 0.169056 0 14
8 0.164113 0 14
9 0.168067 0.469622 12
10 0.179931 0.498472 23
11 0.172022 0 11
12 0.182402 0 10
13 0.168562 0 15
14 0.174493 0 15
15 0.192289 0 19
16 0.16955 0 10
17 0.156698 0 10
18 0.169056 0 16
19 0.171527 0 9
20 0.171527 0 16
21 0.168067 0 8
22 0.165101 0 10
23 0.156204 0 14
24 0.176471 0.539782 10
25 0.179436 0 18
26 0.167573 0 17
27 0.175482 0 16
28 0.177954 0 8
29 0.179931 0 17
30 0.165596 0 22
31 0.17301 0 17
32 0.177459 0 10
33 0.177954 0 13
34 0.180919 0 6
35 0.176471 0 14
36 0.170044 0 13
37 0.174988 0 12
38 0.167573 0 18
39 0.173505 0 14
40 0.17301 0 15
41 0.161147 0 10
42 0.163124 0 11
43 0.16609 0 18
44 0.172022 0 17
45 0.16263 0 9
46 0.176965 0 11
47 0.194266 0 14
48 0.16263 0 10
49 0.178942 0 13
50 0.183391 0 14
51 0.181414 0 9
52 0.179931 0 15
53 0.189323 0 8
54 0.172022 0 10
55 0.174988 0 13
56 0.194266 0 14
57 0.169056 0 10
58 0.178448 0 7
59 0.165596 0.504706 13
60 0.170539 0 11
61 0.176965 0 14
62 0.160158 0 11
63 0.193277 0 9
64 0.176471 0 8
65 0.18784 0 8
66 0.171033 0.519518 18
67 0.172022 0 17
68 0.182897 0 15
69 0.166584 0 17
70 0.161641 0 10
71 0.175482 0 11
72 0.175976 0 8
73 0.174988 0 12
74 0.1913 0 20
75 0.171033 0 17
76 0.171527 0 17
77 0.165101 0 13
78 0.172022 0 13
79 0.153238 0 19
80 0.167573 0 18
81 0.185863 0 13
82 0.179931 0 18
83 0.174988 0 12
84 0.164607 0 10
85 0.177459 0 15
86 0.181908 0 5
87 0.178448 0 7
88 0.176965 0 14
89 0.168067 0 11
90 0.176471 0 9
91 0.169056 0 17
92 0.178448 0 17
93 0.183391 0 11
94 0.180919 0 9
95 0.160652 0 24
96 0.173505 0 9
97 0.167573 0 12
98 0.174988 0 9
99 0.16263 0 14
PRECISAO DO ENSEMBLE 0.404844
Qualidade, diversidade e fitness por particao
0 0.940096 0.0461076 0.989035
1 0.94039 0.0462373 0.990569
2 0.940405 0.0460803 0.98891
3 0.940745 0.0459693 0.987912
4 0.94027 0.0461448 0.989522
5 0.940589 0.0460719 0.988918
6 0.940488 0.0463032 0.99132
7 0.940732 0.0459973 0.988202
8 0.940344 0.0460279 0.988321
9 0.94025 0.0464164 0.992396
10 0.940321 0.0463922 0.992177
11 0.940203 0.0466397 0.994742
12 0.940153 0.0464989 0.99322
13 0.940181 0.0464468 0.992682
14 0.940124 0.0465937 0.994212
15 0.941174 0.0463341 0.992013
16 0.940367 0.0461537 0.989668
17 0.939311 0.0467433 0.995369
18 0.940386 0.0461143 0.989261
19 0.939728 0.0469354 0.99763
20 0.939883 0.0466865 0.995069
21 0.940197 0.0461092 0.989106
22 0.940023 0.0462905 0.990938
23 0.940301 0.0459607 0.987584
24 0.940402 0.0462614 0.990831
25 0.940562 0.0459894 0.988028
26 0.939819 0.0470863 0.99928
27 0.939849 0.046449 0.992529
28 0.940383 0.0460127 0.98818
29 0.940398 0.046135 0.989486
30 0.93979 0.0466336 0.994458
31 0.940565 0.046241 0.990701
32 0.940599 0.0459784 0.98793
33 0.940411 0.046263 0.990853
34 0.940558 0.0464876 0.993316
35 0.940732 0.0460582 0.988849
36 0.939994 0.0464457 0.992571
37 0.940271 0.0462907 0.991073
38 0.940185 0.0463016 0.991142
39 0.939935 0.0466138 0.994325
40 0.940773 0.0459986 0.988238
41 0.939628 0.0467914 0.996048
42 0.940028 0.0465 0.993166
43 0.940169 0.0464223 0.992416
44 0.940789 0.0460644 0.988945
45 0.939837 0.0466877 0.995058
46 0.940801 0.0459861 0.98812
47 0.940588 0.0462207 0.990497
48 0.940334 0.0461921 0.990059
49 0.940446 0.0461216 0.98937
50 0.940499 0.0462678 0.99095
51 0.940642 0.0463997 0.992427
52 0.940144 0.0463539 0.991676
53 0.940554 0.0464912 0.993352
54 0.940419 0.0459111 0.987121
55 0.940134 0.046325 0.991364
56 0.940505 0.0462536 0.990803
57 0.940325 0.0462724 0.990907
58 0.94037 0.0465585 0.993969
59 0.939944 0.0464706 0.99281
60 0.940179 0.0462 0.99006
61 0.940299 0.0465479 0.993818
62 0.94024 0.0461728 0.989804
63 0.94087 0.0462298 0.990743
64 0.940459 0.0464867 0.993253
65 0.940507 0.0463131 0.991436
66 0.940165 0.0461009 0.989001
67 0.94054 0.0461907 0.990154
68 0.941047 0.0461128 0.989596
69 0.940302 0.0461465 0.989558
70 0.940001 0.0461577 0.989517
71 0.940412 0.0459594 0.987629
72 0.940321 0.046183 0.989955
73 0.940428 0.0461552 0.989717
74 0.940291 0.0467058 0.99549
75 0.940288 0.0464999 0.993304
76 0.940705 0.0459382 0.98756
77 0.940178 0.0462566 0.990661
78 0.940611 0.0460099 0.988272
79 0.940084 0.0461735 0.989729
80 0.940449 0.0460094 0.98818
81 0.940513 0.046216 0.990408
82 0.940375 0.0464573 0.992897
83 0.940874 0.0461067 0.989439
84 0.94009 0.0464402 0.992563
85 0.940521 0.046227 0.990528
86 0.940646 0.0459172 0.987305
87 0.940597 0.0461093 0.989319
88 0.940258 0.0464222 0.992462
89 0.94049 0.0462942 0.991226
90 0.940272 0.0463233 0.99142
91 0.940737 0.0460749 0.989029
92 0.940595 0.0459429 0.987551
93 0.940814 0.0460714 0.989032
94 0.939931 0.0467944 0.996241
95 0.939887 0.0464438 0.992494
96 0.940266 0.0460838 0.988873
97 0.940146 0.0462648 0.990731
98 0.940809 0.0459869 0.988132
99 0.940204 0.0460608 0.988595

Criterio externo aleatoriamente
10 0.194266
20 0.262481
30 0.265447
40 0.318339
50 0.304498
60 0.337617
70 0.339595
80 0.33218
90 0.327237
100 0.361345

Ensembles com porcentagem dos melhores
9 0.197726
19 0.244686
29 0.284231
39 0.300049
49 0.307464
59 0.340089
69 0.372219
79 0.373702
89 0.405833
99 0.404844

Experimento 5
Taxa de mutação de 0.05 e num de pais 2
Geração 1

EXTERNO, INTERNO e N de FEATURES
0 0.178448 0.592984 19
1 0.176471 0 16
2 0.170044 0 13
3 0.177954 0 11
4 0.19822 0.449038 22
5 0.173505 0 12
6 0.17301 0.587761 10
7 0.172516 0 16
8 0.184874 0 14
9 0.17301 0 12
10 0.166584 0 7
11 0.175976 0 12
12 0.173505 0 13
13 0.191794 0 10
14 0.160652 0 11
15 0.193772 0 18
16 0.186357 0 13
17 0.183885 0 10
18 0.182897 0 12
19 0.171527 0 15
20 0.170044 0 12
21 0.167079 0 15
22 0.196243 0 8
23 0.171527 0 12
24 0.193772 0 10
25 0.176471 0.564584 15
26 0.185368 0.50686 14
27 0.17301 0 17
28 0.168067 0 15
29 0.171527 0 16
30 0.173999 0 14
31 0.173505 0.520217 13
32 0.179436 0 8
33 0.183885 0 10
34 0.184874 0 15
35 0.181414 0 13
36 0.164113 0.546381 12
37 0.183391 0 20
38 0.171033 0 11
39 0.170539 0 14
40 0.16263 0 12
41 0.183391 0 14
42 0.17301 0 20
43 0.173505 0.442014 11
44 0.183391 0 11
45 0.180919 0 7
46 0.16609 0 13
47 0.172516 0 7
48 0.16955 0 7
49 0.168562 0 14
50 0.175976 0 16
51 0.151261 0 14
52 0.17301 0 18
53 0.178448 0 11
54 0.155215 0 13
55 0.175482 0 8
56 0.185368 0 10
57 0.170044 0.55637 20
58 0.17301 0 13
59 0.177459 0 14
60 0.18438 0 15
61 0.188334 0 17
62 0.177459 0 19
63 0.170044 0 13
64 0.176965 0 10
65 0.182402 0 9
66 0.165101 0 11
67 0.171527 0 11
68 0.191794 0 13
69 0.176965 0 17
70 0.165596 0.457957 16
71 0.188828 0.551096 15
72 0.180919 0 9
73 0.174493 0.439262 12
74 0.176471 0 9
75 0.174493 0 15
76 0.179931 0 13
77 0.175482 0 14
78 0.185368 0 8
79 0.170539 0 11
80 0.177954 0 8
81 0.171527 0 12
82 0.172516 0 9
83 0.176965 0 10
84 0.175976 0 14
85 0.181908 0 7
86 0.190311 0 8
87 0.170539 0 15
88 0.16955 0 9
89 0.180919 0 14
90 0.192289 0.555121 15
91 0.18784 0 10
92 0.179436 0 17
93 0.174493 0 12
94 0.173999 0 9
95 0.181414 0 15
96 0.176471 0 14
97 0.170044 0 21
98 0.168562 0 18
99 0.180425 0 13
PRECISAO DO ENSEMBLE 0.419674
Qualidade, diversidade e fitness por particao
0 0.941841 0.0463697 0.996347
1 0.941731 0.0463023 0.995567
2 0.94178 0.0461811 0.994294
3 0.941536 0.0462908 0.99534
4 0.942646 0.0457278 0.989897
5 0.941683 0.046159 0.994006
6 0.941849 0.0460407 0.992826
7 0.941716 0.0461893 0.994347
8 0.941845 0.0462303 0.994856
9 0.942043 0.0462053 0.994693
10 0.941735 0.0458855 0.991103
11 0.941544 0.0464134 0.996658
12 0.941514 0.0462741 0.995149
13 0.941925 0.0462411 0.995014
14 0.941551 0.0462044 0.994422
15 0.942597 0.0460859 0.993707
16 0.942316 0.0461321 0.994053
17 0.941973 0.0459203 0.991603
18 0.941744 0.0462822 0.995358
19 0.942079 0.0459504 0.99198
20 0.941943 0.0459709 0.992128
21 0.942179 0.0458775 0.991254
22 0.942441 0.0461096 0.993878
23 0.941176 0.0466708 0.99922
24 0.942227 0.0459862 0.992443
25 0.942378 0.0458043 0.990574
26 0.941767 0.0462351 0.994865
27 0.941538 0.0463332 0.995795
28 0.941688 0.0459924 0.992223
29 0.941379 0.0464069 0.9965
30 0.941746 0.0460903 0.993303
31 0.941659 0.0461755 0.994169
32 0.94192 0.0462849 0.99548
33 0.94177 0.0461544 0.994003
34 0.941444 0.0465057 0.997594
35 0.941575 0.0462798 0.995242
36 0.941663 0.0462313 0.99477
37 0.94187 0.0460964 0.993434
38 0.942008 0.0464779 0.997594
39 0.941513 0.0462355 0.994735
40 0.941456 0.0461633 0.993931
41 0.941521 0.0465993 0.998637
42 0.941836 0.0463002 0.9956
43 0.941794 0.0460764 0.993179
44 0.941687 0.0465557 0.998257
45 0.941876 0.046307 0.995693
46 0.941626 0.046162 0.994008
47 0.941512 0.046476 0.997311
48 0.941746 0.0461069 0.993481
49 0.941939 0.0461871 0.994442
50 0.941806 0.046323 0.995828
51 0.941607 0.0459448 0.991671
52 0.941782 0.0462276 0.994793
53 0.941839 0.0460851 0.993296
54 0.941371 0.0461695 0.993953
55 0.941642 0.0463589 0.996125
56 0.941853 0.0464179 0.996869
57 0.941707 0.046441 0.997039
58 0.941839 0.046052 0.992942
59 0.94151 0.0463013 0.995438
60 0.942007 0.0459873 0.992338
61 0.942299 0.0460407 0.993065
62 0.94233 0.0459276 0.99187
63 0.941872 0.0460358 0.992786
64 0.941753 0.0462264 0.994765
65 0.941643 0.0464116 0.99669
66 0.941393 0.046276 0.995105
67 0.941868 0.0461216 0.993703
68 0.942241 0.0460312 0.992933
69 0.941419 0.046541 0.997958
70 0.941886 0.0460885 0.993358
71 0.942052 0.0459071 0.991502
72 0.941692 0.0462414 0.994893
73 0.942019 0.0460643 0.993169
74 0.941929 0.0463888 0.996598
75 0.941826 0.0460947 0.993393
76 0.941841 0.0462801 0.995387
77 0.941719 0.046138 0.993799
78 0.942039 0.0464644 0.997467
79 0.941858 0.0460204 0.992613
80 0.941627 0.0465298 0.997949
81 0.941781 0.0461336 0.993785
82 0.941577 0.0464029 0.996562
83 0.941959 0.0458547 0.990892
84 0.941788 0.0461908 0.994401
85 0.942238 0.04619 0.994632
86 0.942099 0.04593 0.991773
87 0.941964 0.0459347 0.991752
88 0.941533 0.0459701 0.991902
89 0.941945 0.0459127 0.991505
90 0.941912 0.0463693 0.99638
91 0.942172 0.0460588 0.993192
92 0.941245 0.0466345 0.998868
93 0.941745 0.0464203 0.996838
94 0.94172 0.0461466 0.993892
95 0.941501 0.0464862 0.997414
96 0.941817 0.0462038 0.994557
97 0.941904 0.0460769 0.993244
98 0.941896 0.0460222 0.992653
99 0.941632 0.0461485 0.993867

Criterio externo aleatoriamente
10 0.218982
20 0.244686
30 0.273356
40 0.283737
50 0.320811
60 0.336134
70 0.349975
80 0.35047
90 0.383589
100 0.386555

Ensembles com porcentagem dos melhores
9 0.218487
19 0.257538
29 0.28868
39 0.318833
49 0.348987
59 0.366288
69 0.379634
79 0.402867
89 0.403361
99 0.419674

Experimento 6
Taxa de mutação de 0.05 e num de pais 2
Geração 1

EXTERNO, INTERNO e N de FEATURES
0 0.171527 0 9
1 0.174493 0 17
2 0.163124 0 18
3 0.165596 0 10
4 0.168562 0 10
5 0.16609 0 9
6 0.188828 0 15
7 0.156698 0 15
8 0.188334 0 11
9 0.177459 0 11
10 0.171527 0 16
11 0.173505 0 15
12 0.186357 0.513918 13
13 0.181414 0 10
14 0.178942 0 16
15 0.165101 0 18
16 0.168562 0 7
17 0.175482 0 20
18 0.188828 0 16
19 0.175482 0 16
20 0.188334 0 15
21 0.17301 0 13
22 0.170539 0 11
23 0.170539 0 19
24 0.164607 0 15
25 0.161147 0 8
26 0.160158 0 7
27 0.189323 0 18
28 0.181908 0 11
29 0.18784 0 14
30 0.176471 0 15
31 0.163124 0 10
32 0.171527 0 11
33 0.170044 0.518406 16
34 0.170539 0 9
35 0.172516 0 14
36 0.176471 0 11
37 0.160158 0.521309 9
38 0.163618 0 17
39 0.179931 0 11
40 0.188334 0 12
41 0.166584 0 12
42 0.158181 0 14
43 0.178448 0 10
44 0.18784 0 9
45 0.194266 0 15
46 0.166584 0 15
47 0.181414 0 11
48 0.177459 0 12
49 0.168067 0 17
50 0.166584 0 16
51 0.180425 0 10
52 0.180919 0 16
53 0.174988 0 18
54 0.187346 0 8
55 0.168067 0 7
56 0.173505 0 11
57 0.170044 0 12
58 0.163124 0 12
59 0.170044 0.46551 13
60 0.173999 0.484734 16
61 0.174988 0 8
62 0.165596 0 12
63 0.164113 0 13
64 0.182402 0 12
65 0.173999 0 12
66 0.165101 0 18
67 0.173999 0.516123 9
68 0.170044 0 11
69 0.174493 0 11
70 0.161641 0 14
71 0.174988 0.492097 11
72 0.165101 0 14
73 0.18784 0 9
74 0.175482 0 7
75 0.168067 0 22
76 0.153238 0 15
77 0.166584 0 8
78 0.167573 0 6
79 0.165596 0 7
80 0.177954 0 12
81 0.175482 0 12
82 0.16955 0 15
83 0.184874 0 13
84 0.173505 0 16
85 0.201186 0 13
86 0.183391 0 14
87 0.188828 0 11
88 0.175976 0 14
89 0.190806 0 24
90 0.182897 0 14
91 0.1478 0 11
92 0.168067 0 8
93 0.182402 0 15
94 0.182897 0 8
95 0.171033 0 12
96 0.190806 0 16
97 0.183885 0 10
98 0.178448 0 11
99 0.170539 0 15
PRECISAO DO ENSEMBLE 0.391003
Qualidade, diversidade e fitness por particao
0 0.942823 0.0459555 0.990332
1 0.942386 0.046704 0.998092
2 0.942295 0.0465732 0.996648
3 0.942394 0.0464948 0.995864
4 0.942731 0.0463064 0.99403
5 0.942315 0.0464925 0.995797
6 0.943125 0.0458615 0.989488
7 0.942518 0.0462901 0.993743
8 0.943189 0.0460057 0.991062
9 0.94275 0.0464386 0.995452
10 0.943037 0.0465067 0.996331
11 0.943171 0.0459858 0.990839
12 0.943155 0.0461821 0.992928
13 0.942775 0.0465315 0.996456
14 0.942928 0.0460796 0.991713
15 0.942965 0.0460404 0.991314
16 0.942489 0.0463246 0.994096
17 0.942765 0.0461108 0.99196
18 0.943167 0.0461478 0.992567
19 0.94287 0.0460282 0.991133
20 0.943369 0.0459015 0.990045
21 0.942996 0.0462796 0.993885
22 0.942567 0.0464044 0.994989
23 0.942963 0.045854 0.989322
24 0.942552 0.0464459 0.995425
25 0.942631 0.0461352 0.992149
26 0.942248 0.046539 0.996257
27 0.94333 0.0463112 0.994399
28 0.943038 0.0461544 0.99257
29 0.942927 0.0462816 0.993869
30 0.942955 0.0460073 0.990955
31 0.942555 0.0462889 0.99375
32 0.942911 0.0462424 0.993442
33 0.942916 0.0459611 0.990441
34 0.942599 0.0465287 0.996333
35 0.943193 0.0463316 0.994544
36 0.942362 0.0465294 0.996216
37 0.942171 0.0466511 0.997413
38 0.942823 0.0464884 0.996022
39 0.943346 0.0459858 0.990933
40 0.942917 0.0461774 0.992751
41 0.943153 0.0459763 0.990729
42 0.942457 0.0463075 0.993897
43 0.94271 0.0462148 0.993041
44 0.943137 0.0459374 0.990306
45 0.9431 0.0460648 0.991646
46 0.942643 0.0464343 0.995349
47 0.943224 0.0460751 0.991822
48 0.942944 0.0461782 0.992774
49 0.942758 0.0460677 0.991496
50 0.942903 0.0461776 0.992746
51 0.942991 0.0461893 0.992918
52 0.942982 0.046116 0.992131
53 0.943015 0.0458563 0.989375
54 0.942834 0.0462866 0.993873
55 0.942712 0.0464558 0.995616
56 0.942673 0.0462794 0.993711
57 0.942787 0.046284 0.99382
58 0.94226 0.0464902 0.995743
59 0.942916 0.0463434 0.994523
60 0.942438 0.0465413 0.996383
61 0.943248 0.0460987 0.992086
62 0.942828 0.0461346 0.992246
63 0.942522 0.0462774 0.993609
64 0.942909 0.0462913 0.993963
65 0.942875 0.0462407 0.993405
66 0.942729 0.0460394 0.991178
67 0.942952 0.0461867 0.992869
68 0.94289 0.0462618 0.993638
69 0.941981 0.0467875 0.99877
70 0.942751 0.0462292 0.993217
71 0.942795 0.0463288 0.994303
72 0.942757 0.0462359 0.993291
73 0.943262 0.0459769 0.990794
74 0.942888 0.0462964 0.994006
75 0.943069 0.0459932 0.990865
76 0.942248 0.0462672 0.993355
77 0.942966 0.0462439 0.993487
78 0.943028 0.0460631 0.99159
79 0.942667 0.0462806 0.993721
80 0.942742 0.0464549 0.995621
81 0.94273 0.0467887 0.999179
82 0.943193 0.0459572 0.990546
83 0.942572 0.0463864 0.9948
84 0.942683 0.0463218 0.994169
85 0.943468 0.0461904 0.993182
86 0.943201 0.0458477 0.989382
87 0.943214 0.0463086 0.994309
88 0.942812 0.0459353 0.990111
89 0.94337 0.0459876 0.990965
90 0.942669 0.0463615 0.994586
91 0.942324 0.0463562 0.994346
92 0.942364 0.0464756 0.995642
93 0.942204 0.046829 0.99933
94 0.943004 0.0461858 0.992887
95 0.942927 0.0462291 0.993309
96 0.943182 0.0461993 0.993125
97 0.942875 0.0465406 0.996607
98 0.94268 0.0463858 0.994851
99 0.942672 0.0462988 0.993918

Criterio externo aleatoriamente
10 0.203164
20 0.2348
30 0.25655
40 0.298072
50 0.321305
60 0.289669
70 0.334157
80 0.345032
90 0.329708
100 0.353435

Ensembles com porcentagem dos melhores
9 0.199703
19 0.240732
29 0.266436
39 0.302027
49 0.301038
59 0.333663
69 0.35047
79 0.36085
89 0.396441
99 0.391003

Experimento 7
Taxa de mutação de 0.05 e num de pais 2
Geração 1

EXTERNO, INTERNO e N de FEATURES
0 0.170044 0 18
1 0.171527 0 11
2 0.179931 0 16
3 0.18784 0 15
4 0.174988 0 17
5 0.162135 0 15
6 0.165596 0 12
7 0.163124 0 5
8 0.181414 0 16
9 0.18784 0 17
10 0.177459 0 18
11 0.181908 0 12
12 0.158675 0 17
13 0.1913 0 16
14 0.170539 0 13
15 0.174493 0 16
16 0.179436 0.522414 15
17 0.168067 0 10
18 0.158675 0 19
19 0.181414 0.550243 12
20 0.185863 0.3825 18
21 0.168067 0 13
22 0.179436 0 5
23 0.164607 0 16
24 0.181908 0 7
25 0.193772 0 14
26 0.164113 0 14
27 0.182897 0 13
28 0.170044 0 8
29 0.182897 0 14
30 0.168067 0 18
31 0.162135 0 20
32 0.170539 0 10
33 0.180919 0 8
34 0.167079 0 17
35 0.186357 0 14
36 0.176965 0 13
37 0.178448 0 9
38 0.189817 0 15
39 0.188828 0 14
40 0.178942 0 12
41 0.16955 0 15
42 0.181414 0 12
43 0.177459 0 4
44 0.173999 0 10
45 0.170044 0 14
46 0.176965 0 13
47 0.170044 0 16
48 0.18438 0 11
49 0.179931 0 13
50 0.156698 0 18
51 0.167079 0 18
52 0.183391 0 21
53 0.164113 0 6
54 0.178942 0 12
55 0.176965 0 12
56 0.168067 0 9
57 0.163618 0 18
58 0.171033 0 11
59 0.168067 0 15
60 0.171033 0 19
61 0.174493 0 13
62 0.181908 0 14
63 0.180425 0 14
64 0.179931 0 11
65 0.173999 0 12
66 0.170044 0 16
67 0.174493 0 15
68 0.161641 0 9
69 0.159664 0 15
70 0.165596 0 10
71 0.168562 0 13
72 0.172516 0.554381 16
73 0.172022 0 14
74 0.160652 0 12
75 0.179436 0 5
76 0.164113 0 11
77 0.176965 0 18
78 0.172022 0 16
79 0.168562 0 9
80 0.165596 0 8
81 0.161147 0 13
82 0.166584 0 14
83 0.180919 0 13
84 0.166584 0 12
85 0.173999 0 16
86 0.168067 0 12
87 0.188828 0 10
88 0.183391 0 15
89 0.163618 0 18
90 0.16263 0 9
91 0.183885 0 20
92 0.16609 0 18
93 0.173999 0 17
94 0.171033 0 10
95 0.174493 0 11
96 0.191794 0 15
97 0.166584 0 12
98 0.168562 0 13
99 0.177954 0 19
PRECISAO DO ENSEMBLE 0.386555
Qualidade, diversidade e fitness por particao
0 0.936474 0.0463692 0.994115
1 0.937346 0.0460671 0.991357
2 0.936835 0.0465052 0.995758
3 0.936948 0.0461911 0.992468
4 0.937011 0.046097 0.991498
5 0.936146 0.0462549 0.992721
6 0.936273 0.0464146 0.994492
7 0.936813 0.0461347 0.991795
8 0.93711 0.0461883 0.992524
9 0.937053 0.0461011 0.991564
10 0.937446 0.0460239 0.99095
11 0.937147 0.045874 0.989191
12 0.936535 0.0465347 0.995913
13 0.937071 0.046101 0.991572
14 0.936528 0.0462173 0.992523
15 0.936834 0.0461588 0.992062
16 0.936908 0.0461518 0.992028
17 0.93712 0.0461672 0.992305
18 0.936624 0.0461668 0.992036
19 0.936877 0.0461257 0.991733
20 0.936845 0.0462278 0.992804
21 0.936958 0.045992 0.990349
22 0.937096 0.0461403 0.992006
23 0.9368 0.0462064 0.992552
24 0.937104 0.0462074 0.992725
25 0.937389 0.0461704 0.992482
26 0.936795 0.0461585 0.992038
27 0.936838 0.0462974 0.993543
28 0.936775 0.0461777 0.992232
29 0.936946 0.0462871 0.993491
30 0.936438 0.0461589 0.991852
31 0.936731 0.0459862 0.990166
32 0.936787 0.0459689 0.990012
33 0.936738 0.0464962 0.995611
34 0.93681 0.0459472 0.989793
35 0.936847 0.0463 0.993576
36 0.936738 0.0463125 0.99365
37 0.936856 0.0459951 0.990329
38 0.937306 0.0458387 0.988899
39 0.937327 0.0457562 0.988031
40 0.936981 0.0461765 0.99233
41 0.936876 0.0461155 0.991623
42 0.937284 0.0460188 0.990809
43 0.937158 0.0460534 0.991111
44 0.936465 0.0462694 0.993045
45 0.936571 0.0463062 0.993495
46 0.93665 0.0462704 0.993155
47 0.936641 0.0464751 0.995333
48 0.937277 0.0459229 0.989782
49 0.93711 0.0458101 0.98849
50 0.936492 0.0461639 0.991935
51 0.936825 0.0461301 0.991751
52 0.937222 0.0457602 0.988018
53 0.936228 0.0466364 0.996834
54 0.937301 0.0458891 0.989435
55 0.936652 0.0462685 0.993135
56 0.936872 0.0460555 0.990981
57 0.936796 0.0459925 0.990269
58 0.937402 0.045778 0.988304
59 0.937131 0.0462059 0.992723
60 0.936603 0.0460959 0.991269
61 0.937202 0.0459259 0.989774
62 0.937111 0.0460189 0.990718
63 0.937217 0.0459544 0.990086
64 0.937043 0.0460168 0.99066
65 0.936536 0.0461258 0.991552
66 0.936837 0.0461755 0.992243
67 0.936863 0.0461345 0.991819
68 0.936483 0.0465328 0.995865
69 0.936709 0.0460099 0.990407
70 0.936135 0.0464381 0.99467
71 0.936947 0.0462066 0.992633
72 0.937283 0.0457036 0.987447
73 0.936915 0.0459347 0.989715
74 0.936766 0.0460251 0.9906
75 0.936972 0.0460653 0.991139
76 0.936643 0.0461528 0.991896
77 0.936521 0.0463484 0.993918
78 0.936603 0.0464229 0.994757
79 0.936975 0.0459534 0.989947
80 0.936969 0.0457072 0.987317
81 0.936312 0.0465938 0.996425
82 0.936829 0.0461256 0.991706
83 0.937148 0.0462278 0.992966
84 0.936672 0.0461062 0.991415
85 0.936823 0.0462417 0.992941
86 0.936015 0.0468723 0.999237
87 0.937011 0.0462727 0.993372
88 0.937206 0.0459857 0.990415
89 0.936507 0.046232 0.992669
90 0.936849 0.0462082 0.992598
91 0.93683 0.0462369 0.992894
92 0.937138 0.0457406 0.987764
93 0.936772 0.0461945 0.99241
94 0.936677 0.0464128 0.994688
95 0.937021 0.0459224 0.989641
96 0.937196 0.0460247 0.990825
97 0.936838 0.0460165 0.990547
98 0.936545 0.0462687 0.993081
99 0.936992 0.0461663 0.992227

Criterio externo aleatoriamente
10 0.189323
20 0.242709
30 0.255561
40 0.29214
50 0.300544
60 0.316856
70 0.356896
80 0.349481
90 0.366288
100 0.355907

Ensembles com porcentagem dos melhores
9 0.192783
19 0.251607
29 0.278794
39 0.326248
49 0.333169
59 0.344043
69 0.376174
79 0.388038
89 0.421157
99 0.386555

Experimento 8
Taxa de mutação de 0.05 e num de pais 2
Geração 1

EXTERNO, INTERNO e N de FEATURES
0 0.167079 0 14
1 0.189323 0 11
2 0.176471 0 6
3 0.170044 0 12
4 0.167079 0 15
5 0.173505 0 17
6 0.190806 0 11
7 0.196738 0 11
8 0.165596 0 9
9 0.177954 0 15
10 0.168067 0 13
11 0.171033 0.435459 10
12 0.179931 0 15
13 0.181414 0 13
14 0.1913 0.478946 15
15 0.168562 0 15
16 0.177459 0 14
17 0.170539 0 13
18 0.17301 0 17
19 0.167573 0 14
20 0.172022 0 12
21 0.175482 0 10
22 0.16955 0 9
23 0.169056 0 11
24 0.16263 0 12
25 0.167573 0 10
26 0.163124 0 14
27 0.172516 0 13
28 0.165101 0.451487 18
29 0.160158 0.572848 20
30 0.154226 0 15
31 0.176471 0 17
32 0.16955 0 16
33 0.163618 0 16
34 0.171033 0 12
35 0.179436 0 19
36 0.171033 0 20
37 0.161147 0 9
38 0.167079 0 11
39 0.169056 0.543455 16
40 0.173999 0 10
41 0.155215 0 16
42 0.176471 0 17
43 0.172022 0 12
44 0.160158 0 17
45 0.166584 0 17
46 0.178448 0.493033 25
47 0.175482 0 11
48 0.156204 0 15
49 0.176471 0 14
50 0.181414 0 12
51 0.15917 0 15
52 0.162135 0 17
53 0.176471 0 11
54 0.179436 0 6
55 0.172516 0 17
56 0.18438 0 11
57 0.176471 0 21
58 0.176965 0 15
59 0.178942 0 18
60 0.168562 0 13
61 0.166584 0 13
62 0.182897 0 10
63 0.173505 0 17
64 0.172516 0.479976 8
65 0.173505 0 7
66 0.163618 0 12
67 0.172516 0 15
68 0.169056 0 12
69 0.170044 0 9
70 0.16609 0 18
71 0.19476 0 17
72 0.177954 0 10
73 0.181414 0 7
74 0.161641 0 16
75 0.170539 0 26
76 0.170539 0 14
77 0.183885 0 12
78 0.173505 0.678178 12
79 0.175482 0 11
80 0.168067 0 10
81 0.167573 0 9
82 0.168067 0 12
83 0.174493 0 14
84 0.153238 0 4
85 0.177954 0.425886 13
86 0.176965 0 16
87 0.169056 0 6
88 0.170539 0 15
89 0.171527 0 13
90 0.171033 0 13
91 0.181908 0 9
92 0.178942 0 7
93 0.166584 0 8
94 0.183391 0 10
95 0.173505 0 14
96 0.163124 0 21
97 0.17301 0 20
98 0.165101 0 18
99 0.174988 0.479625 6
PRECISAO DO ENSEMBLE 0.398913
Qualidade, diversidade e fitness por particao
0 0.943748 0.045995 0.990911
1 0.944404 0.0456907 0.988009
2 0.943268 0.0461185 0.991977
3 0.943584 0.0458006 0.988748
4 0.943249 0.0462933 0.993833
5 0.943785 0.0461965 0.993084
6 0.943923 0.046126 0.992403
7 0.94427 0.0460168 0.991421
8 0.94306 0.0463236 0.994057
9 0.943643 0.0459667 0.990554
10 0.943097 0.0461973 0.992727
11 0.943621 0.0459183 0.990026
12 0.943753 0.0463544 0.994752
13 0.943256 0.0465092 0.996143
14 0.943382 0.0468134 0.999459
15 0.943254 0.0463938 0.994909
16 0.94385 0.0458799 0.989737
17 0.943612 0.0461127 0.992096
18 0.944094 0.0456016 0.986893
19 0.943019 0.046256 0.993313
20 0.943684 0.0458642 0.98948
21 0.943505 0.0461223 0.992143
22 0.943773 0.0457076 0.987855
23 0.943306 0.0460359 0.991114
24 0.943477 0.0460719 0.991589
25 0.943404 0.0462877 0.993855
26 0.943311 0.0462492 0.993395
27 0.943486 0.0461236 0.992146
28 0.943129 0.0462331 0.993126
29 0.943285 0.0461301 0.992109
30 0.94344 0.0458403 0.989096
31 0.943588 0.0459831 0.9907
32 0.943394 0.0461688 0.992581
33 0.943203 0.0461574 0.992357
34 0.943078 0.0463199 0.994027
35 0.943347 0.0461488 0.992342
36 0.943587 0.046149 0.992472
37 0.942923 0.0462064 0.992733
38 0.943717 0.0457655 0.988443
39 0.943246 0.0464037 0.995011
40 0.943383 0.0461326 0.992187
41 0.943517 0.045892 0.989689
42 0.943328 0.0463961 0.994974
43 0.942945 0.0464615 0.995469
44 0.943189 0.046276 0.993617
45 0.943549 0.0458139 0.988871
46 0.943627 0.0461997 0.993034
47 0.943568 0.0461075 0.992018
48 0.943142 0.046092 0.991627
49 0.943718 0.0458675 0.989534
50 0.943496 0.0464158 0.995273
51 0.94348 0.0458404 0.989118
52 0.943305 0.046223 0.993112
53 0.943866 0.046017 0.991209
54 0.943522 0.0462136 0.993126
55 0.94376 0.0458515 0.989385
56 0.943611 0.0460822 0.99177
57 0.943615 0.0459572 0.990437
58 0.943635 0.046108 0.992059
59 0.943484 0.0463767 0.994848
60 0.943185 0.046184 0.992632
61 0.943249 0.0461836 0.992661
62 0.943364 0.0463867 0.994892
63 0.943505 0.046081 0.991701
64 0.943442 0.0460662 0.99151
65 0.943458 0.0459704 0.990495
66 0.94352 0.0459797 0.990628
67 0.943705 0.0461191 0.992214
68 0.943615 0.0458946 0.989769
69 0.943288 0.046312 0.994053
70 0.943413 0.0459886 0.990666
71 0.944226 0.0459404 0.990582
72 0.943682 0.0458607 0.989443
73 0.943451 0.0462283 0.993246
74 0.943497 0.0460571 0.991442
75 0.943488 0.0460657 0.991529
76 0.943569 0.0460304 0.991195
77 0.94358 0.0462605 0.993659
78 0.943381 0.0462528 0.99347
79 0.943213 0.0462301 0.993139
80 0.943214 0.0462225 0.993058
81 0.943285 0.0460163 0.990894
82 0.943731 0.0458049 0.988872
83 0.943662 0.0461006 0.991994
84 0.942935 0.0462359 0.993054
85 0.943446 0.0462572 0.993551
86 0.943548 0.0461684 0.992658
87 0.943337 0.0462346 0.993253
88 0.943686 0.0461771 0.992824
89 0.943617 0.0461022 0.991988
90 0.943048 0.046496 0.995892
91 0.944239 0.0458337 0.989448
92 0.943708 0.0460878 0.991881
93 0.943317 0.0463322 0.994285
94 0.943694 0.046156 0.992602
95 0.943277 0.0459566 0.990252
96 0.943215 0.0463917 0.994867
97 0.943549 0.0461054 0.991986
98 0.942971 0.0465364 0.996283
99 0.94388 0.0461134 0.992245

Criterio externo aleatoriamente
10 0.193772
20 0.223925
30 0.275334
40 0.259516
50 0.295601
60 0.313396
70 0.304004
80 0.347998
90 0.343549
100 0.341572

Ensembles com porcentagem dos melhores
9 0.212061
19 0.251607
29 0.273356
39 0.302027
49 0.320811
59 0.325754
69 0.333169
79 0.378646
89 0.402373
99 0.398913

Experimento 9
Taxa de mutação de 0.05 e num de pais 2
Geração 1

EXTERNO, INTERNO e N de FEATURES
0 0.173505 0 20
1 0.184874 0 13
2 0.179931 0 16
3 0.166584 0 16
4 0.188828 0 16
5 0.176965 0 12
6 0.183391 0 9
7 0.174493 0 26
8 0.174988 0 16
9 0.182897 0 16
10 0.174493 0 12
11 0.186357 0 15
12 0.16955 0.467599 18
13 0.164113 0 16
14 0.176965 0 10
15 0.179931 0 13
16 0.166584 0 9
17 0.169056 0 7
18 0.171033 0 9
19 0.164607 0 12
20 0.176965 0 14
21 0.180919 0 20
22 0.191794 0 12
23 0.17301 0 8
24 0.176471 0 13
25 0.178942 0 4
26 0.175482 0 14
27 0.174493 0.470859 21
28 0.166584 0 10
29 0.184874 0 17
30 0.183391 0 17
31 0.161641 0 13
32 0.186357 0 11
33 0.165101 0 23
34 0.179436 0 13
35 0.154226 0 16
36 0.171527 0 8
37 0.188828 0 12
38 0.171527 0 11
39 0.175482 0.568867 12
40 0.168562 0 13
41 0.174988 0.49348 11
42 0.179931 0 7
43 0.171033 0 13
44 0.185368 0 12
45 0.176471 0 7
46 0.17301 0 15
47 0.163618 0 10
48 0.16263 0 7
49 0.183885 0 9
50 0.16955 0.49632 19
51 0.173505 0 8
52 0.172022 0 15
53 0.163618 0 15
54 0.167573 0 10
55 0.177954 0 12
56 0.180425 0 11
57 0.17301 0 7
58 0.171527 0 10
59 0.179436 0 11
60 0.170044 0 10
61 0.173999 0 4
62 0.16609 0 17
63 0.168562 0 1
64 0.171033 0 10
65 0.183885 0 16
66 0.160158 0 16
67 0.170044 0 13
68 0.167079 0.546018 9
69 0.183885 0 9
70 0.171033 0 9
71 0.171033 0 10
72 0.175976 0 13
73 0.176471 0 12
74 0.166584 0 14
75 0.183391 0 10
76 0.174493 0 19
77 0.180425 0 18
78 0.184874 0 19
79 0.172022 0 10
80 0.178942 0 11
81 0.182402 0 12
82 0.16609 0.57134 20
83 0.181414 0 8
84 0.174493 0 20
85 0.162135 0 13
86 0.189817 0 12
87 0.165101 0 19
88 0.187346 0 9
89 0.181908 0 7
90 0.167079 0 17
91 0.157192 0 13
92 0.169056 0 10
93 0.163618 0 11
94 0.181908 0 18
95 0.170044 0 5
96 0.173505 0 18
97 0.167079 0 14
98 0.180919 0 15
99 0.167573 0 13
PRECISAO DO ENSEMBLE 0.401878
Qualidade, diversidade e fitness por particao
0 0.941343 0.0462244 0.993527
1 0.941904 0.0460319 0.991767
2 0.941264 0.0462109 0.99334
3 0.941181 0.0462099 0.993286
4 0.942256 0.0456666 0.988049
5 0.941602 0.0462295 0.993718
6 0.941723 0.0462546 0.994051
7 0.941762 0.0460508 0.991893
8 0.942137 0.0460454 0.992035
9 0.941664 0.0462682 0.994165
10 0.94185 0.0459292 0.990641
11 0.941713 0.0461482 0.992909
12 0.940722 0.0466058 0.997273
13 0.941307 0.0461167 0.992356
14 0.941361 0.046338 0.994751
15 0.941243 0.0467848 0.999463
16 0.941604 0.0462479 0.993916
17 0.941421 0.0461941 0.993245
18 0.941524 0.0461749 0.993093
19 0.94117 0.0461654 0.992804
20 0.941142 0.0465142 0.996517
21 0.94224 0.0457348 0.98877
22 0.941416 0.0462322 0.993649
23 0.941704 0.046079 0.992165
24 0.941241 0.0464958 0.996373
25 0.94184 0.0457858 0.989103
26 0.941236 0.0461717 0.992907
27 0.941191 0.0465156 0.996558
28 0.941338 0.0464017 0.995419
29 0.941838 0.0461076 0.992541
30 0.941324 0.0463417 0.994771
31 0.941539 0.0461836 0.993194
32 0.941647 0.0460569 0.991898
33 0.94175 0.046141 0.992851
34 0.941732 0.0462572 0.994084
35 0.941479 0.046272 0.994108
36 0.94184 0.046196 0.993487
37 0.941833 0.0460743 0.992183
38 0.941122 0.0465874 0.997289
39 0.94184 0.0457139 0.988334
40 0.941353 0.0462978 0.994316
41 0.94164 0.0458966 0.990181
42 0.942053 0.0461392 0.992993
43 0.941704 0.046114 0.992538
44 0.941735 0.0459519 0.990823
45 0.941378 0.0463764 0.995169
46 0.941387 0.0463351 0.994733
47 0.940848 0.0465312 0.996542
48 0.941196 0.0461468 0.992619
49 0.941756 0.0462424 0.993938
50 0.941607 0.0458297 0.989449
51 0.941916 0.0459194 0.990571
52 0.941339 0.0460288 0.991434
53 0.941325 0.0459687 0.990784
54 0.941614 0.0459111 0.990323
55 0.941171 0.0462078 0.993258
56 0.941436 0.0463733 0.995167
57 0.941208 0.0464513 0.99588
58 0.941585 0.0462984 0.994447
59 0.941865 0.0460423 0.991858
60 0.941107 0.0464838 0.996174
61 0.941516 0.0461497 0.99282
62 0.941128 0.0461136 0.992228
63 0.941512 0.0461645 0.992976
64 0.94161 0.0462506 0.993949
65 0.94178 0.0461585 0.993054
66 0.941603 0.0458125 0.989262
67 0.94162 0.0462445 0.993888
68 0.941883 0.0463497 0.995152
69 0.942145 0.0459271 0.990775
70 0.941286 0.0463257 0.994579
71 0.941362 0.0462225 0.993516
72 0.941081 0.0465438 0.996801
73 0.941468 0.046209 0.993428
74 0.941365 0.0460613 0.991795
75 0.941787 0.0460734 0.992149
76 0.941257 0.0462324 0.993567
77 0.941293 0.0462638 0.993921
78 0.941491 0.046487 0.996411
79 0.941737 0.0460907 0.992307
80 0.941395 0.0460245 0.991418
81 0.942061 0.0457986 0.989358
82 0.941609 0.0458924 0.990119
83 0.941736 0.0460871 0.992268
84 0.94131 0.0462493 0.993775
85 0.941286 0.0462225 0.993476
86 0.941422 0.046116 0.99241
87 0.941517 0.0461894 0.993245
88 0.942036 0.0459664 0.991138
89 0.941888 0.0459537 0.990923
90 0.941422 0.0460804 0.992029
91 0.941358 0.0463506 0.994883
92 0.941426 0.0462737 0.994097
93 0.941313 0.0460904 0.992078
94 0.94173 0.0461987 0.993457
95 0.941339 0.0463047 0.994383
96 0.941376 0.0461953 0.993233
97 0.941398 0.046526 0.99678
98 0.941471 0.0462923 0.994321
99 0.940771 0.0466713 0.997999

Criterio externo aleatoriamente
10 0.197232
20 0.254078
30 0.266436
40 0.28522
50 0.30697
60 0.331686
70 0.333169
80 0.353435
90 0.340089
100 0.349975

Ensembles com porcentagem dos melhores
9 0.201186
19 0.242709
29 0.267425
39 0.28522
49 0.349481
59 0.348987
69 0.349975
79 0.408304
89 0.389521
99 0.401878

Experimento 10
Taxa de mutação de 0.05 e num de pais 2
Geração 1

EXTERNO, INTERNO e N de FEATURES
0 0.178942 0 12
1 0.171033 0 11
2 0.182402 0 11
3 0.168562 0 14
4 0.174988 0 13
5 0.189817 0 12
6 0.167079 0 7
7 0.17301 0 23
8 0.183391 0 15
9 0.182897 0 13
10 0.171033 0 17
11 0.163124 0 10
12 0.172022 0 17
13 0.181908 0 16
14 0.193772 0 12
15 0.15917 0 19
16 0.184874 0 14
17 0.18438 0 16
18 0.17301 0 12
19 0.189817 0 3
20 0.184874 0 14
21 0.186851 0 12
22 0.174988 0 13
23 0.163124 0.481065 13
24 0.182402 0 10
25 0.167573 0 16
26 0.178448 0 15
27 0.163618 0 12
28 0.191794 0 24
29 0.174493 0 11
30 0.158675 0 14
31 0.177954 0 14
32 0.176471 0.508355 13
33 0.167573 0 11
34 0.170539 0 8
35 0.183391 0 8
36 0.176965 0 11
37 0.151755 0 15
38 0.177954 0 21
39 0.178448 0 11
40 0.169056 0 15
41 0.182897 0 16
42 0.16609 0.543433 8
43 0.171033 0 19
44 0.170044 0 22
45 0.174988 0 17
46 0.177954 0 10
47 0.183885 0 12
48 0.170539 0 18
49 0.174493 0 13
50 0.170044 0 11
51 0.187346 0 19
52 0.179931 0 14
53 0.186357 0 10
54 0.182402 0 15
55 0.180425 0 15
56 0.189323 0 14
57 0.186357 0 14
58 0.156698 0 12
59 0.167573 0.524477 13
60 0.175482 0 7
61 0.177954 0 22
62 0.158675 0 7
63 0.171033 0 7
64 0.180425 0 14
65 0.178448 0 5
66 0.177459 0 15
67 0.166584 0 10
68 0.188334 0 17
69 0.163124 0 16
70 0.167079 0 11
71 0.177459 0 12
72 0.160158 0 19
73 0.182897 0 10
74 0.178942 0 15
75 0.160652 0 13
76 0.17301 0 6
77 0.173999 0 14
78 0.17301 0 10
79 0.170044 0 12
80 0.172022 0 14
81 0.189323 0 13
82 0.176965 0 19
83 0.177954 0 16
84 0.160158 0 7
85 0.173505 0 11
86 0.18784 0 18
87 0.174988 0 13
88 0.170539 0 11
89 0.17301 0 13
90 0.173505 0 16
91 0.179931 0 16
92 0.16609 0.538023 17
93 0.178942 0 12
94 0.16263 0 10
95 0.171527 0 12
96 0.16955 0 10
97 0.182897 0 14
98 0.175482 0 13
99 0.176471 0 14
PRECISAO DO ENSEMBLE 0.387543
Qualidade, diversidade e fitness por particao
0 0.941098 0.0460946 0.990729
1 0.941499 0.0458798 0.988653
2 0.941668 0.0461848 0.991993
3 0.94156 0.0460304 0.990291
4 0.941224 0.0462683 0.992647
5 0.941801 0.045917 0.989209
6 0.940862 0.0464198 0.994069
7 0.941177 0.0461612 0.991481
8 0.940781 0.0467886 0.997957
9 0.941499 0.046033 0.990286
10 0.941505 0.0460215 0.990166
11 0.94074 0.0465695 0.9956
12 0.941129 0.0461849 0.991708
13 0.941593 0.0459178 0.989108
14 0.941712 0.0460303 0.990369
15 0.940725 0.0465833 0.995739
16 0.941935 0.046177 0.992052
17 0.941034 0.0466793 0.996926
18 0.941933 0.046042 0.990612
19 0.941502 0.045898 0.988849
20 0.941379 0.0461646 0.991625
21 0.941676 0.0460677 0.990749
22 0.941131 0.0462196 0.992079
23 0.940847 0.0465191 0.995119
24 0.941046 0.0462775 0.992651
25 0.941129 0.0462753 0.992671
26 0.94071 0.0469197 0.999316
27 0.941245 0.046193 0.991856
28 0.941699 0.0463199 0.993449
29 0.941088 0.0465444 0.995517
30 0.940612 0.046416 0.993897
31 0.941083 0.0463404 0.993341
32 0.940983 0.0461977 0.991767
33 0.940967 0.0461772 0.99154
34 0.941569 0.0460673 0.990688
35 0.941617 0.0462385 0.992539
36 0.941448 0.0459998 0.989906
37 0.941022 0.0458822 0.988426
38 0.941288 0.0460741 0.990612
39 0.941235 0.0462534 0.992495
40 0.940791 0.0463172 0.992939
41 0.941347 0.0462548 0.992568
42 0.940812 0.0465513 0.995444
43 0.941294 0.046115 0.99105
44 0.941423 0.0460786 0.990731
45 0.941219 0.0463722 0.993752
46 0.941749 0.0459822 0.989878
47 0.941537 0.0463222 0.993387
48 0.941382 0.0462254 0.992274
49 0.940746 0.0465399 0.995288
50 0.94133 0.0459828 0.989661
51 0.941593 0.0462691 0.992851
52 0.940968 0.0465148 0.995138
53 0.941861 0.0460986 0.991177
54 0.941673 0.0461517 0.991644
55 0.941998 0.045898 0.989112
56 0.941717 0.0463483 0.993761
57 0.941467 0.0460698 0.99066
58 0.940811 0.0463494 0.993292
59 0.941168 0.0460823 0.990635
60 0.941444 0.0463042 0.993147
61 0.941966 0.0459052 0.989171
62 0.940895 0.0460897 0.990569
63 0.941243 0.0461674 0.991583
64 0.941593 0.0460499 0.990516
65 0.941961 0.0459072 0.989191
66 0.941217 0.0461764 0.991664
67 0.940943 0.0462322 0.992114
68 0.941547 0.0463364 0.993544
69 0.941414 0.0460407 0.990323
70 0.94071 0.0467159 0.997144
71 0.941163 0.0462325 0.992233
72 0.94099 0.0461403 0.99116
73 0.941102 0.046407 0.994061
74 0.941161 0.0462066 0.991957
75 0.940441 0.0466478 0.996276
76 0.941248 0.046048 0.990312
77 0.941101 0.0461266 0.991072
78 0.941591 0.0459675 0.989637
79 0.941509 0.0459491 0.989397
80 0.940954 0.0466602 0.99668
81 0.941369 0.046176 0.991741
82 0.94145 0.046016 0.990078
83 0.940772 0.0466339 0.996304
84 0.941019 0.046075 0.990478
85 0.941485 0.0457647 0.98742
86 0.941244 0.0464058 0.994124
87 0.941642 0.0458764 0.988693
88 0.941197 0.046124 0.991095
89 0.941174 0.0460021 0.989783
90 0.940936 0.0462616 0.992423
91 0.94129 0.0462651 0.992648
92 0.941558 0.046047 0.990467
93 0.941431 0.0460296 0.990214
94 0.941481 0.0462659 0.992758
95 0.941423 0.0460641 0.990577
96 0.941395 0.0460733 0.99066
97 0.941304 0.0464681 0.994819
98 0.941604 0.0459872 0.989854
99 0.941519 0.0459559 0.989475

Criterio externo aleatoriamente
10 0.207612
20 0.257044
30 0.257044
40 0.322788
50 0.303015
60 0.336629
70 0.32872
80 0.343549
90 0.348987
100 0.358379

Ensembles com porcentagem dos melhores
9 0.197726
19 0.244192
29 0.284726
39 0.311913
49 0.324765
59 0.324765
69 0.341078
79 0.374691
89 0.390015
99 0.387543

Experimento 11
Taxa de mutação de 0.05 e num de pais 2
Geração 1

EXTERNO, INTERNO e N de FEATURES
0 0.183391 0 7
1 0.173999 0 11
2 0.174988 0 16
3 0.159664 0 7
4 0.177459 0 12
5 0.167079 0.522759 15
6 0.169056 0 19
7 0.178942 0 11
8 0.167573 0 12
9 0.175482 0 11
10 0.173505 0 6
11 0.173999 0 14
12 0.18438 0 13
13 0.174493 0.391524 14
14 0.159664 0 10
15 0.181908 0 15
16 0.166584 0 13
17 0.161147 0 8
18 0.179931 0 16
19 0.169056 0 18
20 0.167573 0 15
21 0.161641 0 13
22 0.160652 0 10
23 0.163618 0 14
24 0.162135 0 9
25 0.169056 0 19
26 0.180425 0 14
27 0.178942 0.567648 15
28 0.174493 0 10
29 0.165596 0 17
30 0.179436 0 12
31 0.163618 0 9
32 0.16263 0 10
33 0.179931 0 6
34 0.171527 0.495908 9
35 0.165101 0 9
36 0.182402 0 9
37 0.173999 0 15
38 0.1913 0 16
39 0.167079 0 12
40 0.182402 0 14
41 0.189323 0.384912 16
42 0.183885 0 12
43 0.186357 0 13
44 0.181414 0 13
45 0.18784 0 17
46 0.192289 0 13
47 0.170539 0 13
48 0.159664 0 6
49 0.175482 0 13
50 0.16609 0 9
51 0.159664 0.471064 13
52 0.162135 0 10
53 0.170539 0 13
54 0.183391 0 9
55 0.164607 0 13
56 0.164607 0 18
57 0.190311 0 11
58 0.161147 0 10
59 0.174493 0 13
60 0.186357 0 4
61 0.162135 0 12
62 0.175976 0 19
63 0.178942 0 16
64 0.176965 0 20
65 0.173999 0 15
66 0.176471 0.419643 14
67 0.180425 0 17
68 0.170044 0.531561 14
69 0.15917 0 12
70 0.174988 0 15
71 0.179931 0 19
72 0.171033 0 13
73 0.176471 0 19
74 0.169056 0 12
75 0.182402 0 12
76 0.166584 0 22
77 0.167079 0 14
78 0.171033 0 16
79 0.180919 0 16
80 0.190806 0 16
81 0.169056 0.6438 15
82 0.169056 0.566064 14
83 0.17301 0 10
84 0.176471 0.484487 12
85 0.16955 0 12
86 0.186357 0 13
87 0.180425 0.503235 15
88 0.170044 0 18
89 0.174493 0 11
90 0.188828 0 13
91 0.169056 0 18
92 0.172516 0 15
93 0.188828 0 11
94 0.180425 0 13
95 0.168067 0 16
96 0.183885 0 16
97 0.156698 0 16
98 0.167079 0 12
99 0.195255 0 7
PRECISAO DO ENSEMBLE 0.38606
Qualidade, diversidade e fitness por particao
0 0.933721 0.0459295 0.9804
1 0.933506 0.0459469 0.980467
2 0.933325 0.046293 0.983992
3 0.933429 0.046214 0.98322
4 0.933712 0.0460818 0.981989
5 0.933076 0.0462227 0.983123
6 0.933621 0.0458868 0.9799
7 0.933565 0.0459581 0.980616
8 0.933435 0.0460586 0.981597
9 0.932912 0.0466212 0.987204
10 0.933242 0.046009 0.980976
11 0.933321 0.0460873 0.981837
12 0.93326 0.0464537 0.985638
13 0.933037 0.0460511 0.981306
14 0.933098 0.0463486 0.984451
15 0.933264 0.0460407 0.981319
16 0.933589 0.0455712 0.97658
17 0.932977 0.0462868 0.98374
18 0.932946 0.0464161 0.985077
19 0.933258 0.0458425 0.979242
20 0.932674 0.0464231 0.985004
21 0.932764 0.0464221 0.985042
22 0.932816 0.0463783 0.984611
23 0.932958 0.0463258 0.984138
24 0.932996 0.0463521 0.984434
25 0.932528 0.0467522 0.988369
26 0.93362 0.0458389 0.979398
27 0.933856 0.0459354 0.980534
28 0.933354 0.0461899 0.982928
29 0.933146 0.0461831 0.982746
30 0.933788 0.0457255 0.978301
31 0.933389 0.0459319 0.980248
32 0.932942 0.0464528 0.985459
33 0.933361 0.0462225 0.983273
34 0.933401 0.0459076 0.98
35 0.932708 0.0466005 0.986878
36 0.933304 0.0464577 0.985703
37 0.933108 0.0464329 0.985338
38 0.933561 0.0461509 0.982631
39 0.932911 0.0463624 0.984496
40 0.933766 0.0459577 0.98072
41 0.933989 0.0457272 0.978427
42 0.933258 0.0462544 0.983552
43 0.933359 0.0462262 0.98331
44 0.933265 0.0461214 0.982164
45 0.933868 0.0460243 0.981471
46 0.933323 0.0460097 0.981026
47 0.93335 0.0460517 0.98148
48 0.932866 0.0462872 0.983685
49 0.933084 0.0463037 0.983974
50 0.93306 0.0463743 0.9847
51 0.933137 0.0460334 0.981175
52 0.933106 0.0459601 0.980391
53 0.933293 0.04602 0.981118
54 0.933496 0.0461955 0.983062
55 0.93305 0.0462555 0.983451
56 0.933859 0.0460744 0.98199
57 0.933614 0.0461186 0.982321
58 0.932757 0.0463533 0.984319
59 0.93322 0.0462911 0.983916
60 0.933406 0.0460145 0.981121
61 0.933508 0.0460518 0.981565
62 0.93355 0.0458201 0.979164
63 0.933782 0.0458542 0.979645
64 0.933732 0.045981 0.980945
65 0.933586 0.0459941 0.981004
66 0.933568 0.0459574 0.98061
67 0.933224 0.0463653 0.984694
68 0.932982 0.0465101 0.986079
69 0.933273 0.0460823 0.981759
70 0.933193 0.0462703 0.983683
71 0.933729 0.0458365 0.979431
72 0.933062 0.0463367 0.984308
73 0.933409 0.0459835 0.980799
74 0.933175 0.0461573 0.982491
75 0.933185 0.04623 0.983257
76 0.931896 0.0477891 0.998879
77 0.933247 0.0461878 0.982849
78 0.933636 0.046009 0.981186
79 0.933306 0.0460563 0.981505
80 0.933349 0.0463746 0.984858
81 0.933028 0.046214 0.983006
82 0.932598 0.0467456 0.988338
83 0.933191 0.0463764 0.984792
84 0.933616 0.045736 0.978319
85 0.933128 0.0463649 0.984638
86 0.933447 0.0463921 0.985093
87 0.933436 0.0459629 0.980597
88 0.933331 0.0461537 0.982537
89 0.933723 0.0461499 0.982707
90 0.933639 0.0459686 0.980765
91 0.933288 0.0462094 0.983097
92 0.933413 0.0462197 0.983271
93 0.932726 0.0465416 0.986272
94 0.933391 0.0460116 0.981082
95 0.933051 0.0461186 0.98202
96 0.933085 0.0464143 0.985132
97 0.93331 0.0460622 0.981569
98 0.933209 0.0463134 0.984143
99 0.933813 0.0459699 0.980872

Criterio externo aleatoriamente
10 0.199703
20 0.234305
30 0.260504
40 0.284726
50 0.318833
60 0.301532
70 0.334652
80 0.338606
90 0.352447
100 0.371725

Ensembles com porcentagem dos melhores
9 0.188828
19 0.240732
29 0.263964
39 0.28868
49 0.309441
59 0.343055
69 0.355907
79 0.405339
89 0.401384
99 0.38606

Experimento 12
Taxa de mutação de 0.05 e num de pais 2
Geração 1

EXTERNO, INTERNO e N de FEATURES
0 0.164113 0 11
1 0.165101 0 15
2 0.179436 0 9
3 0.169056 0.56615 12
4 0.158675 0 14
5 0.161147 0 13
6 0.186357 0 16
7 0.181908 0 15
8 0.167079 0.562803 16
9 0.167573 0 21
10 0.186357 0 10
11 0.170539 0.545268 15
12 0.184874 0 10
13 0.172516 0 15
14 0.171033 0 12
15 0.175976 0 5
16 0.198715 0 16
17 0.176471 0 8
18 0.166584 0 10
19 0.179436 0 11
20 0.167079 0 10
21 0.172516 0 9
22 0.182402 0 8
23 0.180919 0 15
24 0.179931 0 16
25 0.179931 0 10
26 0.173999 0 17
27 0.168067 0 22
28 0.159664 0 17
29 0.163124 0.506257 15
30 0.16955 0 13
31 0.170044 0 15
32 0.167079 0 15
33 0.171527 0 14
34 0.163618 0 10
35 0.17301 0 14
36 0.175482 0 16
37 0.173999 0 14
38 0.176471 0 8
39 0.173505 0 9
40 0.16955 0 15
41 0.175976 0 16
42 0.172022 0 19
43 0.181414 0 14
44 0.170044 0 12
45 0.16609 0 14
46 0.178448 0 11
47 0.172516 0 17
48 0.175482 0 13
49 0.162135 0 14
50 0.16955 0 16
51 0.183391 0 14
52 0.162135 0.537487 15
53 0.171033 0 6
54 0.185368 0 16
55 0.178448 0 12
56 0.163124 0 13
57 0.175482 0 10
58 0.173999 0 15
59 0.190806 0 18
60 0.186851 0 9
61 0.177459 0 11
62 0.163618 0 13
63 0.174988 0 9
64 0.165101 0 14
65 0.176965 0 14
66 0.168067 0 9
67 0.184874 0.544818 19
68 0.180919 0 11
69 0.186357 0 13
70 0.165596 0.515958 10
71 0.168562 0 11
72 0.179931 0 16
73 0.166584 0 8
74 0.167573 0 10
75 0.172516 0 11
76 0.1913 0 10
77 0.164113 0 8
78 0.17301 0 17
79 0.176965 0.529712 10
80 0.16955 0 16
81 0.189817 0 15
82 0.16955 0 9
83 0.170539 0 10
84 0.174988 0 13
85 0.175976 0 12
86 0.160158 0 15
87 0.168562 0 6
88 0.161147 0 14
89 0.165101 0 12
90 0.186357 0 5
91 0.16263 0 11
92 0.176965 0 18
93 0.174988 0 10
94 0.174493 0 17
95 0.183885 0 15
96 0.163618 0 17
97 0.17301 0 10
98 0.181414 0 8
99 0.189323 0 10
PRECISAO DO ENSEMBLE 0.40089
Qualidade, diversidade e fitness por particao
0 0.934967 0.0464383 0.995324
1 0.935531 0.0461331 0.992364
2 0.935924 0.0460704 0.991904
3 0.935761 0.0460703 0.991816
4 0.935119 0.046369 0.994665
5 0.936249 0.0460749 0.992126
6 0.936015 0.0458218 0.989297
7 0.9353 0.0463855 0.994938
8 0.93542 0.0460937 0.991883
9 0.935306 0.04627 0.993706
10 0.936015 0.0461052 0.992324
11 0.936054 0.0456983 0.987997
12 0.935946 0.0461449 0.992711
13 0.935705 0.0460356 0.991415
14 0.936037 0.0457096 0.988109
15 0.935596 0.0463273 0.994474
16 0.936482 0.046102 0.992539
17 0.936195 0.0458593 0.989793
18 0.935316 0.046224 0.99322
19 0.936276 0.0459186 0.990469
20 0.935619 0.0461121 0.992187
21 0.935697 0.0461757 0.992908
22 0.936093 0.0457861 0.988957
23 0.93588 0.0459987 0.991114
24 0.935669 0.0460926 0.992004
25 0.935227 0.0466779 0.998022
26 0.935996 0.0460978 0.992235
27 0.935752 0.0457297 0.988172
28 0.935041 0.046621 0.997316
29 0.935456 0.0461469 0.992471
30 0.935426 0.0461941 0.99296
31 0.935746 0.0462118 0.993319
32 0.936296 0.045677 0.987899
33 0.935835 0.0460423 0.991556
34 0.935273 0.0462173 0.993126
35 0.935634 0.0460984 0.992048
36 0.935825 0.0460484 0.991616
37 0.935354 0.0462532 0.993552
38 0.935769 0.0461729 0.992916
39 0.935668 0.0460125 0.991148
40 0.935625 0.0461316 0.992399
41 0.935599 0.0461797 0.992898
42 0.935941 0.0459692 0.990832
43 0.935955 0.0460998 0.992235
44 0.935665 0.0460374 0.991412
45 0.935414 0.0464815 0.996023
46 0.935785 0.0462119 0.993341
47 0.935685 0.0462311 0.993493
48 0.935593 0.0460799 0.991828
49 0.935746 0.0458758 0.98973
50 0.935438 0.0463162 0.994271
51 0.935805 0.0462907 0.994195
52 0.935292 0.0461615 0.99254
53 0.935544 0.0462828 0.993971
54 0.93627 0.0457193 0.988337
55 0.935974 0.0461263 0.992527
56 0.93548 0.0462396 0.993475
57 0.935785 0.0460035 0.991115
58 0.935587 0.046133 0.992393
59 0.936554 0.0457849 0.98919
60 0.935928 0.0461449 0.992702
61 0.935788 0.0459881 0.990952
62 0.935519 0.0462039 0.993114
63 0.935757 0.0460673 0.991781
64 0.935359 0.0461903 0.992883
65 0.936159 0.0456655 0.987703
66 0.93586 0.0461845 0.993088
67 0.936067 0.0459857 0.991075
68 0.93594 0.0459533 0.990661
69 0.936524 0.0457882 0.98921
70 0.935323 0.0463983 0.995086
71 0.935385 0.0463188 0.994269
72 0.935795 0.0463007 0.994295
73 0.935322 0.0461963 0.992927
74 0.935623 0.046197 0.993096
75 0.935818 0.0460892 0.992048
76 0.936109 0.0459878 0.99112
77 0.935342 0.0463621 0.994709
78 0.935602 0.0459685 0.990643
79 0.935524 0.0462773 0.993901
80 0.935193 0.0464773 0.995861
81 0.935873 0.0461426 0.992649
82 0.935989 0.0459281 0.990418
83 0.935915 0.045806 0.989074
84 0.935536 0.0464064 0.995286
85 0.935771 0.0460641 0.991755
86 0.935166 0.0462404 0.993315
87 0.93573 0.0460549 0.991635
88 0.935344 0.0462452 0.993462
89 0.935773 0.0460766 0.991889
90 0.935727 0.0464093 0.995419
91 0.935602 0.0460317 0.991319
92 0.935859 0.0461085 0.992276
93 0.935466 0.04627 0.993792
94 0.935894 0.0458418 0.989445
95 0.935616 0.0464534 0.995831
96 0.935085 0.0467967 0.999216
97 0.935882 0.0459141 0.990211
98 0.93575 0.046161 0.992779
99 0.935863 0.0459504 0.990589

Criterio externo aleatoriamente
10 0.190806
20 0.236283
