Carregando documentos....
2023 documentos carregados com 1311 termos.
Taxa de mutação de 0.05e num de pais 5
Geração 1

EXTERNO, INTERNO e N de FEATURES
0 0.275334 0.56248 137
1 0.35047 0.480191 245
2 0.390509 0.433798 375
3 0.448838 0.456772 491
4 0.426594 0.425771 650
5 0.485418 0.419776 760
6 0.492832 0.430067 917
7 0.497281 0.413149 1058
8 0.474048 0.407428 1175
9 0.302027 0.559888 127
10 0.35047 0.480321 241
11 0.410776 0.435084 410
12 0.460702 0.427897 504
13 0.460702 0.423001 613
14 0.475531 0.423632 803
15 0.470588 0.422421 897
16 0.485912 0.420804 1058
17 0.474543 0.413442 1183
18 0.296095 0.572157 123
19 0.348987 0.481829 251
20 0.403856 0.434844 401
21 0.455759 0.447296 476
22 0.43302 0.409116 685
23 0.456747 0.418471 756
24 0.481957 0.424844 923
25 0.474048 0.410289 1053
26 0.50173 0.423934 1189
27 0.320316 0.527698 155
28 0.32872 0.469283 255
29 0.386555 0.433107 392
PRECISAO DO ENSEMBLE 0.556105
0 0.0964707
1 0.180372
2 0.225252
3 0.306565
4 0.321943
5 0.372953
6 0.373814
7 0.406246
8 0.41107
9 0.133579
10 0.160872
11 0.24734
12 0.303657
13 0.342804
14 0.34575
15 0.378504
16 0.422763
17 0.370775
18 0.108294
19 0.172212
20 0.254252
21 0.316713
22 0.308919
23 0.316277
24 0.394491
25 0.405379
26 0.452498
27 0.131655
28 0.164624
29 0.209746

Geração 2

EXTERNO, INTERNO e N de FEATURES
0 0.384577 0.433529 418
1 0.406822 0.446289 406
2 0.398913 0.444776 415
3 0.389026 0.433853 415
4 0.399407 0.43162 421
5 0.393475 0.434844 419
6 0.427583 0.447284 415
7 0.40089 0.426259 423
8 0.377163 0.437666 415
9 0.400395 0.43633 409
10 0.396935 0.433129 431
11 0.40781 0.436528 420
12 0.393475 0.4413 423
13 0.376174 0.442692 406
14 0.393969 0.439155 409
15 0.429066 0.442043 435
16 0.417202 0.445087 427
17 0.378151 0.434123 434
18 0.418685 0.443626 413
19 0.380129 0.42847 422
20 0.388532 0.455275 411
21 0.386555 0.442875 421
22 0.386555 0.43654 424
23 0.408799 0.432912 425
24 0.403856 0.444317 427
25 0.391003 0.443091 408
26 0.408304 0.430128 424
27 0.405833 0.44071 414
28 0.388038 0.437369 407
29 0.40435 0.42458 433
PRECISAO DO ENSEMBLE 0.416708
0 0.327323
1 0.31532
2 0.372469
3 0.345769
4 0.354153
5 0.36065
6 0.350728
7 0.315383
8 0.263055
9 0.289914
10 0.367643
11 0.30936
12 0.3019
13 0.305069
14 0.343231
15 0.327498
16 0.335702
17 0.337711
18 0.354894
19 0.302905
20 0.358086
21 0.262327
22 0.387321
23 0.35655
24 0.347475
25 0.322188
26 0.334865
27 0.366124
28 0.286633
29 0.367707

Geração 3

EXTERNO, INTERNO e N de FEATURES
0 0.412753 0.430295 458
1 0.400395 0.439326 447
2 0.396441 0.433931 456
3 0.403856 0.436885 456
4 0.418191 0.433569 454
5 0.401878 0.430296 459
6 0.415225 0.427398 456
7 0.40089 0.420729 457
8 0.411765 0.433299 467
9 0.37914 0.450117 443
10 0.40435 0.435612 458
11 0.401878 0.424265 453
12 0.402867 0.43038 462
13 0.401878 0.432944 455
14 0.410282 0.421411 455
15 0.393969 0.433487 460
16 0.38606 0.427905 470
17 0.389026 0.426996 456
18 0.388532 0.427651 462
19 0.415225 0.422362 460
20 0.394464 0.44029 458
21 0.378646 0.431151 451
22 0.407316 0.426272 445
23 0.418685 0.431441 448
24 0.42264 0.423019 455
25 0.425111 0.430535 457
26 0.402867 0.417192 449
27 0.405339 0.424229 454
28 0.392981 0.424858 442
29 0.399901 0.429502 460
PRECISAO DO ENSEMBLE 0.42956
0 0.317303
1 0.286177
2 0.326601
3 0.337502
4 0.300172
5 0.283329
6 0.357245
7 0.299295
8 0.320925
9 0.317607
10 0.295564
11 0.351903
12 0.327368
13 0.34753
14 0.328578
15 0.34861
16 0.326277
17 0.336365
18 0.318993
19 0.326823
20 0.282544
21 0.289173
22 0.342697
23 0.363997
24 0.35028
25 0.34269
26 0.287126
27 0.319729
28 0.359521
29 0.324558

Geração 4

EXTERNO, INTERNO e N de FEATURES
0 0.421651 0.424821 481
1 0.422145 0.428132 477
2 0.427583 0.434099 472
3 0.420662 0.434532 483
4 0.428571 0.424027 478
5 0.440929 0.435234 484
6 0.439446 0.428233 501
7 0.421157 0.435999 470
8 0.39743 0.425223 467
9 0.40435 0.429131 487
10 0.409293 0.420003 485
11 0.399901 0.437071 488
12 0.405339 0.435491 461
13 0.419674 0.434496 479
14 0.423628 0.432696 483
15 0.390015 0.441912 468
16 0.42956 0.429573 488
17 0.412753 0.42776 480
18 0.427088 0.448481 479
19 0.419179 0.420971 486
20 0.413248 0.436091 488
21 0.416214 0.440061 486
22 0.43302 0.423783 474
23 0.425111 0.435132 479
24 0.410282 0.429596 484
25 0.419179 0.422785 485
26 0.437469 0.421006 486
27 0.387543 0.437272 486
28 0.424123 0.435559 476
29 0.421157 0.425701 478
PRECISAO DO ENSEMBLE 0.422145
0 0.293141
1 0.354158
2 0.305196
3 0.390529
4 0.365851
5 0.368662
6 0.359702
7 0.340376
8 0.284564
9 0.306925
10 0.313587
11 0.342706
12 0.382544
13 0.329403
14 0.311313
15 0.323811
16 0.31612
17 0.351992
18 0.334478
19 0.32133
20 0.367182
21 0.316847
22 0.3305
23 0.310086
24 0.350649
25 0.361422
26 0.357165
27 0.315777
28 0.342135
29 0.345693

Geração 5

EXTERNO, INTERNO e N de FEATURES
0 0.428571 0.441412 499
1 0.409293 0.425565 492
2 0.378151 0.422348 496
3 0.410282 0.435095 491
4 0.405339 0.424006 505
5 0.403856 0.431243 499
6 0.409787 0.428778 489
7 0.404844 0.42913 498
8 0.404844 0.432178 483
9 0.425111 0.438717 494
10 0.409787 0.434543 496
11 0.416708 0.423135 492
12 0.399407 0.428166 490
13 0.417696 0.429831 495
14 0.399407 0.438605 491
15 0.402373 0.425266 501
16 0.404844 0.422192 500
17 0.431537 0.428022 504
18 0.401878 0.426586 491
19 0.424617 0.431713 498
20 0.426594 0.433289 496
21 0.424617 0.434738 493
22 0.403856 0.444575 496
23 0.432526 0.422832 501
24 0.418191 0.42694 484
25 0.420168 0.4328 496
26 0.414236 0.437193 503
27 0.413742 0.429325 490
28 0.392486 0.443538 489
29 0.417202 0.434173 496
PRECISAO DO ENSEMBLE 0.448344
0 0.366406
1 0.328409
2 0.325324
3 0.300533
4 0.351897
5 0.338551
6 0.366913
7 0.318016
8 0.333429
9 0.366395
10 0.356735
11 0.327464
12 0.312021
13 0.358366
14 0.326242
15 0.320827
16 0.36166
17 0.332543
18 0.303859
19 0.360149
20 0.322977
21 0.333636
22 0.319854
23 0.343615
24 0.374032
25 0.320786
26 0.338392
27 0.342568
28 0.314584
29 0.389523

Geração 6

EXTERNO, INTERNO e N de FEATURES
0 0.419179 0.426133 508
1 0.413742 0.457262 519
2 0.405833 0.430507 516
3 0.412259 0.422179 523
4 0.405339 0.439282 502
5 0.397924 0.427566 514
6 0.398418 0.431521 514
7 0.435492 0.436896 507
8 0.401878 0.430159 513
9 0.416708 0.431331 523
10 0.430549 0.438797 512
11 0.405833 0.427237 519
12 0.416708 0.429456 517
13 0.413248 0.43879 510
14 0.421651 0.422621 522
15 0.412753 0.44445 510
16 0.431537 0.446853 514
17 0.443401 0.442435 515
18 0.407316 0.437133 511
19 0.410282 0.440205 503
20 0.425111 0.427893 516
21 0.420168 0.42061 504
22 0.43648 0.434563 517
23 0.445378 0.426042 489
24 0.391003 0.436479 518
25 0.390509 0.430394 523
26 0.418191 0.433532 513
27 0.413248 0.422293 512
28 0.437963 0.43519 518
29 0.419179 0.420313 495
PRECISAO DO ENSEMBLE 0.460702
0 0.379202
1 0.366656
2 0.372802
3 0.358098
4 0.331307
5 0.305079
6 0.335386
7 0.371327
8 0.339238
9 0.378135
10 0.365135
11 0.335442
12 0.344817
13 0.384676
14 0.324668
15 0.356794
16 0.379792
17 0.36928
18 0.368181
19 0.407331
20 0.351367
21 0.334623
22 0.341763
23 0.355266
24 0.352718
25 0.311984
26 0.351769
27 0.365221
28 0.357477
29 0.353801

Geração 7

EXTERNO, INTERNO e N de FEATURES
0 0.459713 0.430818 508
1 0.415225 0.4149 518
2 0.443895 0.435778 513
3 0.430054 0.44071 522
4 0.416214 0.431537 518
5 0.385566 0.4291 501
6 0.433515 0.436241 505
7 0.383589 0.419723 503
8 0.432526 0.43217 512
9 0.431043 0.436826 495
10 0.402867 0.42218 511
11 0.406327 0.442406 504
12 0.428077 0.431087 512
13 0.405339 0.425612 501
14 0.421651 0.436303 517
15 0.423134 0.434329 518
16 0.405833 0.429783 504
17 0.405833 0.42548 519
18 0.37568 0.424405 500
19 0.380129 0.432646 514
20 0.412259 0.423452 509
21 0.412753 0.423803 511
22 0.426594 0.435939 526
23 0.4261 0.426379 528
24 0.430549 0.43685 507
25 0.405833 0.418314 530
26 0.415719 0.438678 509
27 0.416708 0.433942 515
28 0.399407 0.432408 524
29 0.43302 0.438297 500
PRECISAO DO ENSEMBLE 0.463668
0 0.377413
1 0.31874
2 0.39143
3 0.37404
4 0.372612
5 0.341528
6 0.350199
7 0.322169
8 0.352405
9 0.387144
10 0.322824
11 0.34477
12 0.360202
13 0.344897
14 0.358779
15 0.379839
16 0.317863
17 0.36602
18 0.309644
19 0.338993
20 0.336407
21 0.34596
22 0.374745
23 0.345998
24 0.336304
25 0.349974
26 0.32715
27 0.320755
28 0.359679
29 0.379834

Geração 8

EXTERNO, INTERNO e N de FEATURES
0 0.421651 0.447247 516
1 0.399407 0.426989 530
2 0.389521 0.421415 515
3 0.422145 0.425691 505
4 0.4261 0.433391 510
5 0.415225 0.431672 521
6 0.420168 0.429367 509
7 0.425606 0.418611 517
8 0.414236 0.426859 505
9 0.408304 0.429638 511
10 0.458725 0.437815 505
11 0.410282 0.435198 514
12 0.415719 0.425964 520
13 0.419179 0.430586 526
14 0.407316 0.421848 499
15 0.423628 0.42173 512
16 0.4261 0.445735 524
17 0.432526 0.421502 507
18 0.441918 0.429456 521
19 0.417696 0.431574 528
20 0.418191 0.428788 516
21 0.417696 0.44252 506
22 0.427583 0.433664 519
23 0.450816 0.429595 513
24 0.424123 0.426463 517
25 0.414236 0.42819 518
26 0.410282 0.420106 519
27 0.405833 0.419987 518
28 0.431537 0.427326 521
29 0.420662 0.424485 503
PRECISAO DO ENSEMBLE 0.457736
0 0.410165
1 0.340304
2 0.347135
3 0.366927
4 0.382557
5 0.378473
6 0.342591
7 0.375072
8 0.374001
9 0.404346
10 0.350819
11 0.367301
12 0.359743
13 0.320551
14 0.338543
15 0.375483
16 0.394765
17 0.402421
18 0.386442
19 0.349825
20 0.335067
21 0.413727
22 0.387248
23 0.389337
24 0.395258
25 0.408065
26 0.348157
27 0.33224
28 0.373419
29 0.37854

Geração 9

EXTERNO, INTERNO e N de FEATURES
0 0.404844 0.425109 522
1 0.425606 0.42844 510
2 0.423628 0.443204 498
3 0.413248 0.44092 520
4 0.397924 0.435733 516
5 0.429066 0.422713 527
6 0.419179 0.424472 518
7 0.408799 0.432324 526
8 0.423134 0.428804 523
9 0.425111 0.420455 523
10 0.438952 0.431997 519
11 0.4261 0.432443 527
12 0.416708 0.433064 516
13 0.426594 0.422761 516
14 0.418191 0.431061 516
15 0.402373 0.421215 520
16 0.415719 0.425652 505
17 0.415225 0.431485 505
18 0.40435 0.427053 530
19 0.408799 0.428834 523
20 0.394464 0.421772 513
21 0.418191 0.428707 521
22 0.42956 0.424068 524
23 0.430054 0.418739 522
24 0.427583 0.431678 512
25 0.406822 0.42943 514
26 0.421157 0.426087 522
27 0.389521 0.426879 512
28 0.427088 0.437218 521
29 0.43648 0.425018 513
PRECISAO DO ENSEMBLE 0.466139
0 0.365632
1 0.329031
2 0.374203
3 0.335684
4 0.329553
5 0.311585
6 0.380475
7 0.397002
8 0.362806
9 0.410458
10 0.344209
11 0.383046
12 0.372486
13 0.373181
14 0.392575
15 0.313189
16 0.376313
17 0.353894
18 0.312394
19 0.360212
20 0.324913
21 0.383135
22 0.353707
23 0.354952
24 0.400004
25 0.355765
26 0.348197
27 0.291165
28 0.379621
29 0.410728

Geração 10

EXTERNO, INTERNO e N de FEATURES
0 0.420168 0.421128 528
1 0.413248 0.421105 501
2 0.448838 0.442952 531
3 0.418191 0.42526 535
4 0.420662 0.424779 524
5 0.410282 0.419631 535
6 0.414236 0.422872 531
7 0.430054 0.429448 523
8 0.431043 0.43303 538
9 0.425111 0.4421 523
10 0.423134 0.432932 525
11 0.438952 0.443333 517
12 0.418685 0.416946 525
13 0.437963 0.42286 542
14 0.439941 0.431484 515
15 0.427088 0.423192 534
16 0.406822 0.416403 523
17 0.435986 0.417134 546
18 0.432526 0.419615 530
19 0.428077 0.42403 537
20 0.423628 0.42593 529
21 0.429066 0.43799 520
22 0.434998 0.428416 529
23 0.431043 0.43073 530
24 0.432032 0.425659 515
25 0.418685 0.421475 525
26 0.417202 0.422323 534
27 0.427583 0.422434 528
28 0.42264 0.415808 526
29 0.441918 0.433842 532
PRECISAO DO ENSEMBLE 0.465151
0 0.349188
1 0.344069
2 0.363188
3 0.343815
4 0.354791
5 0.318909
6 0.348683
7 0.356991
8 0.337061
9 0.306464
10 0.372306
11 0.366703
12 0.360498
13 0.347082
14 0.378564
15 0.34514
16 0.319062
17 0.33862
18 0.325783
19 0.356258
20 0.341645
21 0.342582
22 0.326269
23 0.368836
24 0.312381
25 0.325293
26 0.353247
27 0.336185
28 0.364897
29 0.377352

Geração 11

EXTERNO, INTERNO e N de FEATURES
0 0.407316 0.417567 548
1 0.444884 0.419563 540
2 0.428571 0.430147 551
3 0.452793 0.425328 547
4 0.443895 0.415834 548
5 0.434503 0.421568 549
6 0.421651 0.425877 541
7 0.445872 0.439567 548
8 0.457736 0.422333 555
9 0.44439 0.433882 544
10 0.44439 0.425567 523
11 0.438952 0.426312 544
12 0.415225 0.416962 532
13 0.439446 0.428859 540
14 0.448838 0.43378 532
15 0.440929 0.439025 556
16 0.435986 0.42578 541
17 0.428571 0.426258 557
18 0.401878 0.422959 533
19 0.426594 0.430043 534
20 0.430549 0.419443 552
21 0.464162 0.42932 533
22 0.418685 0.438057 558
23 0.434998 0.418575 542
24 0.437963 0.416824 546
25 0.425111 0.428134 544
26 0.424123 0.428865 537
27 0.43302 0.438937 551
28 0.440929 0.430986 553
29 0.417202 0.423582 542
PRECISAO DO ENSEMBLE 0.466634
0 0.382093
1 0.326294
2 0.36839
3 0.359292
4 0.390218
5 0.355438
6 0.316474
7 0.361762
8 0.387312
9 0.375931
10 0.326232
11 0.372664
12 0.350755
13 0.335243
14 0.34526
15 0.345202
16 0.323691
17 0.370772
18 0.353042
19 0.347833
20 0.341677
21 0.374498
22 0.391189
23 0.313175
24 0.361044
25 0.346743
26 0.352985
27 0.35745
28 0.374098
29 0.368557

Geração 12

EXTERNO, INTERNO e N de FEATURES
0 0.413248 0.416785 546
1 0.446861 0.405316 559
2 0.43648 0.434687 569
3 0.421157 0.431867 547
4 0.438458 0.42524 558
5 0.442907 0.427979 559
6 0.408304 0.424183 553
7 0.419674 0.421722 558
8 0.43648 0.44599 548
9 0.460702 0.418169 552
10 0.425606 0.423762 566
11 0.434503 0.430431 552
12 0.459219 0.434975 556
13 0.448838 0.429415 563
14 0.436975 0.431046 538
15 0.435986 0.42511 553
16 0.427583 0.428139 532
17 0.418685 0.426362 572
18 0.441918 0.431073 546
19 0.439446 0.437704 560
20 0.458725 0.428521 557
21 0.421651 0.436924 553
22 0.435986 0.450137 551
23 0.416214 0.437102 554
24 0.428077 0.428741 559
25 0.436975 0.416343 550
26 0.431537 0.422073 556
27 0.440435 0.425464 553
28 0.432032 0.439097 561
29 0.457736 0.424417 556
PRECISAO DO ENSEMBLE 0.465151
0 0.342096
1 0.341617
2 0.364836
3 0.354195
4 0.369873
5 0.356982
6 0.300494
7 0.359632
8 0.365296
9 0.349097
10 0.344513
11 0.347716
12 0.393936
13 0.348388
14 0.368849
15 0.359358
16 0.327369
17 0.336298
18 0.375802
19 0.358812
20 0.357419
21 0.337441
22 0.352851
23 0.329435
24 0.362164
25 0.352053
26 0.318953
27 0.365472
28 0.319542
29 0.390799

Geração 13

EXTERNO, INTERNO e N de FEATURES
0 0.445378 0.432888 568
1 0.431043 0.419326 575
2 0.428077 0.439648 562
3 0.434503 0.425263 581
4 0.445378 0.41512 567
5 0.437469 0.463285 561
6 0.443895 0.442686 563
7 0.434503 0.423199 559
8 0.413742 0.430237 563
9 0.450816 0.424888 587
10 0.452793 0.426651 567
11 0.431043 0.414041 567
12 0.441424 0.423392 562
13 0.441424 0.430093 573
14 0.448838 0.426875 551
15 0.440435 0.426181 565
16 0.466634 0.436219 560
17 0.432032 0.431976 566
18 0.445378 0.433326 556
19 0.45823 0.435015 575
20 0.422145 0.417485 567
21 0.424617 0.428309 555
22 0.418191 0.429302 560
23 0.437963 0.431788 564
24 0.435986 0.424606 570
25 0.448344 0.420829 561
26 0.438952 0.438018 563
27 0.453287 0.423006 564
28 0.434503 0.427531 563
29 0.438952 0.421142 570
PRECISAO DO ENSEMBLE 0.470094
0 0.35227
1 0.333592
2 0.342116
3 0.340004
4 0.353758
5 0.386244
6 0.367793
7 0.359396
8 0.330118
9 0.379212
10 0.381568
11 0.339698
12 0.365324
13 0.377725
14 0.356848
15 0.355887
16 0.35475
17 0.320071
18 0.38255
19 0.36566
20 0.351245
21 0.370796
22 0.328053
23 0.368168
24 0.357356
25 0.322463
26 0.354566
27 0.337548
28 0.392357
29 0.366652

Geração 14

EXTERNO, INTERNO e N de FEATURES
0 0.434009 0.425129 581
1 0.429066 0.423791 572
2 0.45823 0.426457 574
3 0.443895 0.434712 580
4 0.440435 0.426123 578
5 0.415225 0.416937 573
6 0.469105 0.432076 579
7 0.469105 0.422244 578
8 0.41127 0.422141 572
9 0.450816 0.431529 585
10 0.427583 0.422102 572
11 0.433515 0.430836 579
12 0.433515 0.425599 589
13 0.437469 0.422805 588
14 0.440929 0.420883 589
15 0.42264 0.419487 575
16 0.437469 0.424225 568
17 0.421651 0.442676 577
18 0.443401 0.424541 577
19 0.430549 0.442519 580
20 0.438952 0.429615 598
21 0.459219 0.43869 582
22 0.437469 0.42416 574
23 0.446367 0.426083 582
24 0.452299 0.41932 581
25 0.432526 0.423486 584
26 0.447355 0.419331 565
27 0.414731 0.410061 581
28 0.449827 0.446508 583
29 0.421157 0.422732 574
PRECISAO DO ENSEMBLE 0.487395
0 0.346482
1 0.307509
2 0.347337
3 0.358607
4 0.327606
5 0.322093
6 0.336658
7 0.340382
8 0.316033
9 0.31156
10 0.321888
11 0.32225
12 0.348248
13 0.339807
14 0.378321
15 0.30795
16 0.330547
17 0.327636
18 0.298769
19 0.336956
20 0.338708
21 0.360015
22 0.365229
23 0.339126
24 0.305185
25 0.333736
26 0.350354
27 0.28564
28 0.328981
29 0.323242

Geração 15

EXTERNO, INTERNO e N de FEATURES
0 0.437963 0.42414 588
1 0.434009 0.407344 591
2 0.443895 0.418565 591
3 0.461196 0.434345 584
4 0.463668 0.431726 582
5 0.421651 0.418591 569
6 0.43302 0.42884 579
7 0.434998 0.432525 569
8 0.409293 0.410994 560
9 0.445872 0.431625 569
10 0.449333 0.42997 577
11 0.426594 0.42544 600
12 0.455264 0.438901 562
13 0.434009 0.432764 582
14 0.442412 0.429385 576
15 0.437469 0.434419 585
16 0.44439 0.434148 574
17 0.427583 0.423354 590
18 0.434503 0.420481 582
19 0.438952 0.438758 584
20 0.423134 0.420801 580
21 0.421651 0.423147 585
22 0.435986 0.442016 567
23 0.455264 0.434919 578
24 0.414236 0.423715 579
25 0.412259 0.420112 562
26 0.423134 0.424987 576
27 0.418191 0.440895 597
28 0.408799 0.425584 573
29 0.45131 0.41712 584
PRECISAO DO ENSEMBLE 0.478992
0 0.348854
1 0.338073
2 0.349325
3 0.378186
4 0.394998
5 0.35552
6 0.356979
7 0.365697
8 0.29675
9 0.398063
10 0.377464
11 0.343308
12 0.364126
13 0.347351
14 0.374121
15 0.357126
16 0.392805
17 0.351163
18 0.367361
19 0.371627
20 0.320095
21 0.300208
22 0.361353
23 0.333412
24 0.354629
25 0.349375
26 0.325521
27 0.351812
28 0.29879
29 0.339854

Geração 16

EXTERNO, INTERNO e N de FEATURES
0 0.448344 0.412841 583
1 0.425111 0.417989 594
2 0.439941 0.418158 589
3 0.452299 0.423291 605
4 0.432526 0.411236 595
5 0.416708 0.424405 602
6 0.446861 0.417149 592
7 0.426594 0.428413 597
8 0.42264 0.419707 594
9 0.438952 0.411101 594
10 0.45477 0.430082 595
11 0.436975 0.417213 582
12 0.444884 0.425767 600
13 0.430549 0.432617 593
14 0.422145 0.425234 587
15 0.439941 0.423626 585
16 0.45477 0.425429 592
17 0.414236 0.424175 608
18 0.438952 0.415274 598
19 0.439941 0.429042 590
20 0.429066 0.444846 590
21 0.434503 0.422029 588
22 0.44785 0.423951 584
23 0.395947 0.419649 591
24 0.413742 0.416159 574
25 0.440929 0.41247 587
26 0.455264 0.419003 592
27 0.410776 0.420871 590
28 0.414731 0.4171 593
29 0.446861 0.422447 593
PRECISAO DO ENSEMBLE 0.470588
0 0.340067
1 0.384636
2 0.319351
3 0.342307
4 0.361675
5 0.357596
6 0.372806
7 0.337906
8 0.378532
9 0.346555
10 0.398006
11 0.308113
12 0.354765
13 0.392892
14 0.364144
15 0.389684
16 0.382257
17 0.314681
18 0.436559
19 0.369336
20 0.372095
21 0.322075
22 0.351518
23 0.348728
24 0.319193
25 0.319542
26 0.375918
27 0.33615
28 0.330572
29 0.377595

Geração 17

EXTERNO, INTERNO e N de FEATURES
0 0.44439 0.428535 598
1 0.44785 0.418925 605
2 0.434503 0.420827 592
3 0.432526 0.420814 596
4 0.458725 0.416853 601
5 0.439446 0.415217 593
6 0.435492 0.438344 589
7 0.457242 0.425636 593
8 0.427583 0.416213 603
9 0.434503 0.425172 602
10 0.424617 0.430211 590
11 0.468117 0.422615 610
12 0.438952 0.432739 593
13 0.449827 0.420604 607
14 0.425606 0.432322 608
15 0.415225 0.421873 598
16 0.441424 0.427699 593
17 0.450816 0.421009 589
18 0.425111 0.419376 599
19 0.455759 0.417891 603
20 0.438458 0.422133 581
21 0.430054 0.421429 600
22 0.437963 0.430649 599
23 0.459219 0.417911 609
24 0.45131 0.427048 595
25 0.457242 0.432262 595
26 0.429066 0.413586 588
27 0.460208 0.420052 602
28 0.434503 0.428815 596
29 0.429066 0.427199 596
PRECISAO DO ENSEMBLE 0.487889
0 0.404272
1 0.383617
2 0.323977
3 0.307333
4 0.392787
5 0.376592
6 0.352222
7 0.31446
8 0.305252
9 0.34346
10 0.388341
11 0.391589
12 0.370428
13 0.402612
14 0.325037
15 0.3647
16 0.330528
17 0.395504
18 0.345384
19 0.358444
20 0.343915
21 0.39277
22 0.409864
23 0.404865
24 0.343164
25 0.379156
26 0.34497
27 0.401437
28 0.348482
29 0.398171

Geração 18

EXTERNO, INTERNO e N de FEATURES
0 0.409787 0.421778 611
1 0.454276 0.431057 588
2 0.451804 0.422466 588
3 0.435492 0.432173 599
4 0.452299 0.429132 586
5 0.455759 0.426815 608
6 0.448838 0.419955 610
7 0.473554 0.423081 614
8 0.461196 0.439085 610
9 0.427088 0.436243 600
10 0.452793 0.43148 607
11 0.455759 0.419623 600
12 0.421157 0.4273 604
13 0.423628 0.424646 586
14 0.439941 0.425345 595
15 0.435492 0.416136 605
16 0.453287 0.42303 597
17 0.431537 0.415376 602
18 0.478003 0.44421 602
19 0.449827 0.423621 594
20 0.433515 0.430981 603
21 0.445872 0.411339 593
22 0.455264 0.430949 601
23 0.431537 0.417626 586
24 0.438458 0.414135 605
25 0.464162 0.417581 598
26 0.432032 0.431173 603
27 0.438952 0.422267 605
28 0.428077 0.440946 597
29 0.433515 0.426812 607
PRECISAO DO ENSEMBLE 0.495798
0 0.365699
1 0.340917
2 0.375723
3 0.400545
4 0.384701
5 0.389434
6 0.37054
7 0.353831
8 0.353646
9 0.355628
10 0.371884
11 0.320453
12 0.30406
13 0.329369
14 0.381079
15 0.379631
16 0.382292
17 0.344545
18 0.446089
19 0.401726
20 0.379741
21 0.386134
22 0.388185
23 0.379073
24 0.379997
25 0.322761
26 0.398134
27 0.350318
28 0.388745
29 0.417564

Geração 19

EXTERNO, INTERNO e N de FEATURES
0 0.441424 0.421887 605
1 0.439446 0.415638 602
2 0.417202 0.412955 610
3 0.431537 0.423955 615
4 0.434998 0.411007 610
5 0.4696 0.428671 625
6 0.431537 0.436288 612
7 0.45131 0.41654 618
8 0.444884 0.424774 609
9 0.461691 0.418606 614
10 0.437469 0.424941 611
11 0.434009 0.422873 597
12 0.42264 0.418194 609
13 0.453287 0.445164 608
14 0.450816 0.422443 601
15 0.441424 0.417043 602
16 0.450816 0.425042 611
17 0.463668 0.419335 632
18 0.470588 0.437013 611
19 0.453287 0.424026 621
20 0.446861 0.420813 626
21 0.442907 0.411742 615
22 0.438458 0.423324 604
23 0.428077 0.4132 618
24 0.40781 0.430722 607
25 0.44785 0.416973 605
26 0.437469 0.418601 616
27 0.45823 0.421912 622
28 0.437469 0.425138 610
29 0.457736 0.420335 631
PRECISAO DO ENSEMBLE 0.50173
0 0.371035
1 0.302921
2 0.349043
3 0.344682
4 0.35912
5 0.36581
6 0.369323
7 0.360867
8 0.361565
9 0.355806
10 0.327975
11 0.338749
12 0.31025
13 0.414735
14 0.351592
15 0.338376
16 0.367454
17 0.355657
18 0.387932
19 0.35876
20 0.362409
21 0.375357
22 0.323616
23 0.406895
24 0.337625
25 0.376317
26 0.343375
27 0.341236
28 0.341253
29 0.386781

Geração 20

EXTERNO, INTERNO e N de FEATURES
0 0.44785 0.428853 634
1 0.442907 0.422726 621
2 0.437469 0.411916 631
3 0.468117 0.420846 638
4 0.452299 0.413504 633
5 0.445378 0.421422 632
6 0.452793 0.420105 627
7 0.438458 0.429106 631
8 0.470094 0.42262 636
9 0.45477 0.415094 631
10 0.478497 0.421176 634
11 0.452793 0.420227 639
12 0.440435 0.430496 619
13 0.447355 0.426526 626
14 0.461691 0.429461 634
15 0.442907 0.424559 632
16 0.47998 0.424221 629
17 0.43648 0.424665 636
18 0.441918 0.415288 631
19 0.446367 0.413981 643
20 0.42264 0.412156 635
21 0.453287 0.425328 635
22 0.446861 0.426079 642
23 0.459713 0.420327 626
24 0.47652 0.416558 637
25 0.443895 0.416778 622
26 0.450321 0.4162 629
27 0.434503 0.428672 627
28 0.468611 0.434833 642
29 0.43648 0.415681 635
PRECISAO DO ENSEMBLE 0.496787
0 0.358545
1 0.39406
2 0.388783
3 0.369169
4 0.352208
5 0.35915
6 0.342396
7 0.358629
8 0.409197
9 0.36798
10 0.335908
11 0.332735
12 0.367539
13 0.366755
14 0.3661
15 0.349056
16 0.392705
17 0.335414
18 0.338229
19 0.317931
20 0.34552
21 0.325068
22 0.360222
23 0.353778
24 0.405148
25 0.344086
26 0.317769
27 0.344816
28 0.356411
29 0.371884

Geração 21

EXTERNO, INTERNO e N de FEATURES
0 0.448838 0.42764 638
1 0.462185 0.423707 630
2 0.485912 0.415262 651
3 0.455759 0.421986 638
4 0.480475 0.437803 633
5 0.467622 0.425826 642
6 0.445872 0.431151 646
7 0.47998 0.419461 638
8 0.459713 0.40892 630
9 0.465151 0.421228 643
10 0.45131 0.425962 641
11 0.448344 0.41035 644
12 0.477509 0.423249 653
13 0.460208 0.436147 635
14 0.463668 0.419431 644
15 0.451804 0.424174 641
16 0.47306 0.423705 626
17 0.441424 0.437081 636
18 0.485418 0.431771 637
19 0.468611 0.415876 638
20 0.416708 0.418125 636
21 0.444884 0.42231 617
22 0.467622 0.438578 624
23 0.469105 0.422794 639
24 0.45477 0.419805 652
25 0.472565 0.432448 645
26 0.468117 0.429517 650
27 0.44785 0.42561 647
28 0.478003 0.429944 649
29 0.454276 0.421741 637
PRECISAO DO ENSEMBLE 0.526446
0 0.3677
1 0.368484
2 0.357821
3 0.389823
4 0.38879
5 0.360104
6 0.323374
7 0.344585
8 0.352072
9 0.367517
10 0.347848
11 0.370184
12 0.383216
13 0.416277
14 0.370655
15 0.371181
16 0.31843
17 0.390959
18 0.422574
19 0.378113
20 0.351772
21 0.335167
22 0.356262
23 0.361502
24 0.392936
25 0.376104
26 0.410945
27 0.386544
28 0.388598
29 0.343815

Geração 22

EXTERNO, INTERNO e N de FEATURES
0 0.43648 0.426444 637
1 0.484429 0.432393 636
2 0.44785 0.42 642
3 0.463174 0.429027 639
4 0.464162 0.42159 643
5 0.446367 0.419257 636
6 0.459713 0.416697 639
7 0.449827 0.426685 634
8 0.430549 0.419096 636
9 0.450816 0.417963 629
10 0.465151 0.420794 623
11 0.460702 0.425827 655
12 0.45823 0.41435 643
13 0.490361 0.417157 628
14 0.447355 0.423608 648
15 0.446861 0.431882 629
16 0.460208 0.423109 625
17 0.45131 0.429395 633
18 0.474048 0.421239 640
19 0.443401 0.420558 634
20 0.477509 0.432279 651
21 0.4696 0.431159 637
22 0.442412 0.439177 651
23 0.445378 0.432398 633
24 0.470094 0.427718 653
25 0.425111 0.415831 650
26 0.415719 0.426227 642
27 0.465645 0.424993 634
28 0.431537 0.430112 640
29 0.460702 0.413062 643
PRECISAO DO ENSEMBLE 0.504696
0 0.393458
1 0.379052
2 0.378109
3 0.365858
4 0.353783
5 0.323231
6 0.341683
7 0.382608
8 0.362582
9 0.331816
10 0.356944
11 0.375055
12 0.351051
13 0.34321
14 0.389136
15 0.408431
16 0.369337
17 0.394709
18 0.374423
19 0.408741
20 0.367272
21 0.406623
22 0.347295
23 0.409183
24 0.372304
25 0.361767
26 0.352804
27 0.359198
28 0.368718
29 0.347881

Geração 23

EXTERNO, INTERNO e N de FEATURES
0 0.446861 0.428397 640
1 0.4696 0.437901 638
2 0.459713 0.423732 637
3 0.443401 0.424919 646
4 0.452793 0.426682 636
5 0.470588 0.428289 633
6 0.435986 0.418396 655
7 0.453287 0.433861 648
8 0.468611 0.417999 640
9 0.452793 0.419335 644
10 0.478497 0.426256 644
11 0.45823 0.418509 633
12 0.478497 0.434966 646
13 0.479486 0.432267 653
14 0.451804 0.419285 635
15 0.441424 0.414754 640
16 0.463668 0.422807 639
17 0.458725 0.429212 619
18 0.468611 0.423238 636
19 0.47306 0.427538 646
20 0.4696 0.42171 652
21 0.459713 0.431256 640
22 0.464162 0.431784 639
23 0.471577 0.426491 646
24 0.461691 0.424029 655
25 0.45823 0.433299 651
26 0.474048 0.416719 642
27 0.462679 0.430403 654
28 0.453782 0.419309 627
29 0.452299 0.439883 634
PRECISAO DO ENSEMBLE 0.503707
0 0.349626
1 0.425218
2 0.382338
3 0.367381
4 0.365537
5 0.328841
6 0.341532
7 0.376086
8 0.420891
9 0.379196
10 0.345944
11 0.366403
12 0.350988
13 0.37174
14 0.387046
15 0.329571
16 0.380335
17 0.366324
18 0.35681
19 0.354156
20 0.394236
21 0.437844
22 0.3765
23 0.373864
24 0.363044
25 0.348823
26 0.459431
27 0.422962
28 0.349061
29 0.361705

Geração 24

EXTERNO, INTERNO e N de FEATURES
0 0.445378 0.423204 634
1 0.47306 0.416861 636
2 0.452793 0.423837 640
3 0.438458 0.431879 634
4 0.48344 0.417838 641
5 0.465151 0.421028 616
6 0.492338 0.423194 648
7 0.455264 0.412716 627
8 0.487395 0.423546 643
9 0.44439 0.429116 645
10 0.470094 0.425621 622
11 0.452793 0.418527 635
12 0.465151 0.429052 638
13 0.454276 0.419505 632
14 0.481957 0.422106 629
15 0.45477 0.415794 631
16 0.4696 0.417842 620
17 0.447355 0.43762 635
18 0.447355 0.420198 626
19 0.456253 0.416657 632
20 0.449827 0.421263 646
21 0.466634 0.427638 624
22 0.455264 0.421153 635
23 0.464656 0.417725 618
24 0.472071 0.427384 628
25 0.432526 0.413877 631
26 0.433515 0.419949 629
27 0.460208 0.421713 626
28 0.459219 0.437233 635
29 0.450816 0.416872 642
PRECISAO DO ENSEMBLE 0.512605
0 0.372542
1 0.349104
2 0.374829
3 0.352705
4 0.363689
5 0.337528
6 0.411347
7 0.3541
8 0.368153
9 0.339235
10 0.364877
11 0.357324
12 0.336427
13 0.313435
14 0.406392
15 0.337568
16 0.387405
17 0.377014
18 0.374728
19 0.360841
20 0.350246
21 0.347148
22 0.357546
23 0.349016
24 0.396373
25 0.363181
26 0.355287
27 0.33463
28 0.354899
29 0.3675

Geração 25

EXTERNO, INTERNO e N de FEATURES
0 0.439941 0.427228 649
1 0.435986 0.429984 647
2 0.478497 0.418235 657
3 0.453782 0.44169 646
4 0.466634 0.423552 634
5 0.484923 0.435786 647
6 0.448344 0.42143 644
7 0.465645 0.431724 653
8 0.476026 0.43099 646
9 0.45823 0.425475 655
10 0.433515 0.424717 644
11 0.452299 0.42968 648
12 0.443401 0.423369 649
13 0.467128 0.424254 627
14 0.461691 0.441291 653
15 0.47998 0.433421 643
16 0.470094 0.422622 642
17 0.44439 0.43052 657
18 0.438458 0.429305 652
19 0.465645 0.426425 641
20 0.435986 0.412894 633
21 0.464656 0.434914 635
22 0.452793 0.411425 643
23 0.455759 0.425352 638
24 0.464656 0.414692 652
25 0.492338 0.4356 648
26 0.475531 0.42414 647
27 0.471083 0.432141 650
28 0.453287 0.431358 645
29 0.460702 0.419919 649
PRECISAO DO ENSEMBLE 0.502719
0 0.344541
1 0.361494
2 0.372803
3 0.397943
4 0.375162
5 0.428551
6 0.353897
7 0.399253
8 0.381624
9 0.363926
10 0.34799
11 0.390408
12 0.346128
13 0.357004
14 0.343924
15 0.320254
16 0.375286
17 0.405003
18 0.343281
19 0.407343
20 0.347054
21 0.371086
22 0.325784
23 0.376795
24 0.369659
25 0.377523
26 0.399749
27 0.404384
28 0.371224
29 0.39278

Geração 26

EXTERNO, INTERNO e N de FEATURES
0 0.460702 0.449533 645
1 0.468117 0.423615 653
2 0.433515 0.413976 659
3 0.45477 0.432565 645
4 0.440435 0.418884 660
5 0.454276 0.429105 667
6 0.4696 0.429673 648
7 0.446367 0.426589 654
8 0.453287 0.420696 648
9 0.456253 0.430157 637
10 0.451804 0.434903 648
11 0.440435 0.417701 639
12 0.420662 0.434886 654
13 0.450321 0.427479 653
14 0.428077 0.409405 644
15 0.468117 0.416781 661
16 0.438952 0.423683 636
17 0.461691 0.417213 637
18 0.427088 0.436563 631
19 0.454276 0.428988 646
20 0.446861 0.41601 638
21 0.4261 0.420803 656
22 0.454276 0.430111 659
23 0.445378 0.428241 655
24 0.4696 0.427053 648
25 0.459713 0.419312 649
26 0.461691 0.42731 653
27 0.453782 0.427185 647
28 0.461691 0.424914 648
29 0.45131 0.421704 652
PRECISAO DO ENSEMBLE 0.484429
0 0.349812
1 0.411894
2 0.385667
3 0.383237
4 0.355328
5 0.38907
6 0.370489
7 0.338184
8 0.402146
9 0.399853
10 0.403428
11 0.354289
12 0.329487
13 0.352151
14 0.357241
15 0.353297
16 0.376849
17 0.351305
18 0.389193
19 0.396614
20 0.342717
21 0.356958
22 0.36762
23 0.38074
24 0.43268
25 0.357044
26 0.374041
27 0.325758
28 0.375996
29 0.351168

Geração 27

EXTERNO, INTERNO e N de FEATURES
0 0.457736 0.427735 655
1 0.45477 0.43658 647
2 0.415225 0.425451 632
3 0.457736 0.423611 653
4 0.464656 0.424982 649
5 0.463174 0.417693 648
6 0.468611 0.427597 660
7 0.432032 0.411193 654
8 0.486901 0.448943 662
9 0.455759 0.433566 649
10 0.454276 0.419091 643
11 0.435492 0.415733 656
12 0.456253 0.431106 649
13 0.452299 0.448469 631
14 0.447355 0.429277 662
15 0.43648 0.420821 656
16 0.467622 0.42877 639
17 0.467128 0.422704 652
18 0.464656 0.429593 645
19 0.457736 0.4229 654
20 0.45477 0.4464 651
21 0.44439 0.427419 653
22 0.437469 0.426239 645
23 0.475037 0.444871 656
24 0.45477 0.445719 661
25 0.469105 0.432698 666
26 0.448344 0.420035 654
27 0.456253 0.420383 649
28 0.458725 0.432343 668
29 0.453287 0.431883 653
PRECISAO DO ENSEMBLE 0.513594
0 0.339327
1 0.395085
2 0.324526
3 0.38797
4 0.386246
5 0.3289
6 0.366475
7 0.301558
8 0.409156
9 0.36129
10 0.385
11 0.359507
12 0.381477
13 0.415484
14 0.358181
15 0.410889
16 0.385484
17 0.336015
18 0.372819
19 0.393226
20 0.446498
21 0.369043
22 0.37635
23 0.394191
24 0.373604
25 0.351164
26 0.342335
27 0.381848
28 0.374388
29 0.399235

Geração 28

EXTERNO, INTERNO e N de FEATURES
0 0.437963 0.42856 650
1 0.445872 0.41854 650
2 0.410776 0.429292 639
3 0.441918 0.4111 655
4 0.466634 0.436784 643
5 0.471577 0.440663 645
6 0.434009 0.412575 659
7 0.453287 0.441024 634
8 0.439446 0.429081 662
9 0.427088 0.426102 651
10 0.442412 0.422876 649
11 0.451804 0.432088 639
12 0.427088 0.421728 647
13 0.445872 0.430354 666
14 0.446367 0.419215 658
15 0.449827 0.422745 649
16 0.43648 0.44791 650
17 0.448344 0.445032 665
18 0.44785 0.443733 657
19 0.44785 0.426614 641
20 0.461691 0.439463 656
21 0.45823 0.426985 658
22 0.440929 0.445446 644
23 0.44439 0.42154 666
24 0.455264 0.429245 652
25 0.449827 0.424936 643
26 0.426594 0.425438 652
27 0.417696 0.426899 632
28 0.441424 0.428612 643
29 0.44785 0.428322 655
PRECISAO DO ENSEMBLE 0.490361
0 0.335485
1 0.408947
2 0.32159
3 0.376342
4 0.426399
5 0.394552
6 0.307677
7 0.3924
8 0.394448
9 0.343612
10 0.315123
11 0.437804
12 0.347693
13 0.393275
14 0.375155
15 0.420113
16 0.384606
17 0.401092
18 0.372943
19 0.359742
20 0.384152
21 0.379946
22 0.367746
23 0.356624
24 0.425989
25 0.381558
26 0.374479
27 0.366011
28 0.386615
29 0.40546

Geração 29

EXTERNO, INTERNO e N de FEATURES
0 0.440929 0.431119 652
1 0.445872 0.420525 649
2 0.444884 0.449583 640
3 0.439941 0.436527 657
4 0.424123 0.424386 660
5 0.431537 0.433694 653
6 0.442907 0.430691 664
7 0.462679 0.434947 672
8 0.464656 0.437205 651
9 0.455759 0.435087 641
10 0.468117 0.438806 663
11 0.425111 0.420132 662
12 0.416214 0.424957 663
13 0.440435 0.438119 648
14 0.450816 0.439872 649
15 0.446861 0.441149 675
16 0.439446 0.422787 669
17 0.431043 0.429282 652
18 0.441918 0.443037 653
19 0.456253 0.436819 653
20 0.450816 0.429554 642
21 0.456253 0.433737 650
22 0.435986 0.434836 656
23 0.450321 0.431874 665
24 0.441918 0.438063 659
25 0.471083 0.438575 650
26 0.424617 0.430047 645
27 0.466139 0.433628 648
28 0.467128 0.427016 669
29 0.448838 0.428989 647
PRECISAO DO ENSEMBLE 0.504202
0 0.373935
1 0.34499
2 0.43345
3 0.411588
4 0.354383
5 0.439158
6 0.407228
7 0.440796
8 0.388236
9 0.399281
10 0.417738
11 0.325017
12 0.379658
13 0.368726
14 0.413948
15 0.421233
16 0.388753
17 0.386602
18 0.387584
19 0.437427
20 0.391661
21 0.387839
22 0.389701
23 0.391766
24 0.371939
25 0.387259
26 0.406878
27 0.403952
28 0.385663
29 0.387638

Geração 30

EXTERNO, INTERNO e N de FEATURES
0 0.461196 0.434011 643
1 0.442907 0.428261 646
2 0.457242 0.427972 651
3 0.472071 0.433935 659
4 0.436975 0.424314 643
5 0.433515 0.427193 651
6 0.439941 0.432469 643
7 0.431043 0.428978 633
8 0.436975 0.429808 642
9 0.438952 0.423463 649
10 0.441424 0.435769 645
11 0.452299 0.445706 654
12 0.448344 0.428001 638
13 0.434998 0.423698 662
14 0.446367 0.417672 648
15 0.456253 0.436626 653
16 0.447355 0.429761 655
17 0.442412 0.424317 647
18 0.431043 0.445378 645
19 0.452793 0.43739 658
20 0.458725 0.438368 641
21 0.461196 0.432645 646
22 0.445872 0.425661 649
23 0.450321 0.446076 668
24 0.444884 0.43282 634
25 0.460208 0.433362 643
26 0.464656 0.439595 627
27 0.440435 0.434208 656
28 0.467128 0.436553 647
29 0.447355 0.427655 640
PRECISAO DO ENSEMBLE 0.502719
0 0.394155
1 0.39715
2 0.361689
3 0.375528
4 0.379912
5 0.368049
6 0.375823
7 0.386298
8 0.394758
9 0.369517
10 0.349443
11 0.37826
12 0.369759
13 0.357755
14 0.384519
15 0.406415
16 0.360614
17 0.427438
18 0.406983
19 0.373437
20 0.386417
21 0.359875
22 0.374672
23 0.460163
24 0.36132
25 0.436626
26 0.367553
27 0.429027
28 0.438447
29 0.362197

Geração 31

EXTERNO, INTERNO e N de FEATURES
0 0.463174 0.446002 628
1 0.450321 0.438193 643
2 0.459219 0.438785 642
3 0.412259 0.429905 635
4 0.4696 0.434695 634
5 0.440435 0.443865 640
6 0.468117 0.435052 638
7 0.430549 0.429299 640
8 0.457736 0.43696 640
9 0.450816 0.436149 645
10 0.451804 0.435687 653
11 0.435986 0.442234 644
12 0.451804 0.433826 641
13 0.426594 0.418337 643
14 0.461196 0.440419 643
15 0.409293 0.433891 638
16 0.445872 0.433749 635
17 0.435492 0.434618 641
18 0.454276 0.433216 641
19 0.441424 0.428549 648
20 0.447355 0.429944 647
21 0.457736 0.432698 634
22 0.456253 0.434668 635
23 0.463174 0.442862 640
24 0.482946 0.441995 651
25 0.427088 0.437648 627
26 0.468611 0.435715 638
27 0.470588 0.427799 636
28 0.464162 0.438229 645
29 0.425606 0.4326 652
PRECISAO DO ENSEMBLE 0.492832
0 0.361615
1 0.416092
2 0.379395
3 0.294875
4 0.38343
5 0.410066
6 0.408058
7 0.312867
8 0.411942
9 0.381768
10 0.411256
11 0.376607
12 0.438226
13 0.341214
14 0.402364
15 0.38379
16 0.404864
17 0.37924
18 0.38179
19 0.406069
20 0.390013
21 0.413734
22 0.370718
23 0.378528
24 0.401284
25 0.386477
26 0.438823
27 0.409227
28 0.388352
29 0.33567

Geração 32

EXTERNO, INTERNO e N de FEATURES
0 0.413248 0.433078 644
1 0.433515 0.416228 647
2 0.420662 0.439298 647
3 0.438952 0.436684 650
4 0.438458 0.416914 656
5 0.446861 0.420906 653
6 0.450321 0.43042 648
7 0.421651 0.437354 641
8 0.469105 0.422224 643
9 0.416214 0.420325 654
10 0.451804 0.424381 665
11 0.428077 0.444858 642
12 0.429066 0.442024 661
13 0.428571 0.4196 653
14 0.427583 0.41274 653
15 0.423134 0.426075 656
16 0.446367 0.424503 656
17 0.450816 0.419656 658
18 0.477014 0.433527 668
19 0.453287 0.439431 653
20 0.426594 0.415712 654
21 0.455759 0.427737 661
22 0.43302 0.429991 654
23 0.415719 0.427044 658
24 0.416214 0.424694 656
25 0.434998 0.428369 646
26 0.437469 0.425859 651
27 0.443895 0.440307 648
28 0.454276 0.433314 650
29 0.43302 0.434235 659
PRECISAO DO ENSEMBLE 0.477509
0 0.363816
1 0.382925
2 0.418487
3 0.416398
4 0.387088
5 0.389141
6 0.392321
7 0.364303
8 0.37306
9 0.377598
10 0.360413
11 0.359201
12 0.400245
13 0.358949
14 0.351531
15 0.366596
16 0.359271
17 0.393683
18 0.375114
19 0.380634
20 0.324647
21 0.408759
22 0.383735
23 0.35971
24 0.354588
25 0.358499
26 0.366682
27 0.378989
28 0.41105
29 0.383057

Geração 33

EXTERNO, INTERNO e N de FEATURES
0 0.448344 0.434399 645
1 0.433515 0.423145 660
2 0.438458 0.433438 664
3 0.462185 0.426047 663
4 0.409787 0.422901 647
5 0.441424 0.429359 649
6 0.446367 0.432154 666
7 0.417202 0.422604 658
8 0.431043 0.430177 665
9 0.437963 0.433408 650
10 0.410776 0.425233 666
11 0.45131 0.425782 661
12 0.440929 0.418442 658
13 0.434009 0.430115 654
14 0.421157 0.416635 664
15 0.448838 0.426256 667
16 0.435492 0.427053 659
17 0.421651 0.415775 656
18 0.457242 0.42858 660
19 0.414236 0.415977 657
20 0.439446 0.436495 657
21 0.419674 0.417401 654
22 0.420168 0.430679 666
23 0.40435 0.417485 664
24 0.457242 0.428042 656
25 0.407316 0.433445 658
26 0.392981 0.432051 650
27 0.435986 0.425563 665
28 0.399901 0.426752 648
29 0.467128 0.433092 649
PRECISAO DO ENSEMBLE 0.471083
0 0.350877
1 0.352277
2 0.35149
3 0.35236
4 0.391329
5 0.397421
6 0.395469
7 0.345813
8 0.391817
9 0.343766
10 0.357299
11 0.393282
12 0.382945
13 0.378174
14 0.343306
15 0.405667
16 0.394997
17 0.374331
18 0.398343
19 0.3737
20 0.353914
21 0.37324
22 0.381734
23 0.361142
24 0.368904
25 0.353357
26 0.336979
27 0.370799
28 0.333751
29 0.39044

Geração 34

EXTERNO, INTERNO e N de FEATURES
0 0.440929 0.425604 646
1 0.443401 0.425101 649
2 0.459713 0.452142 657
3 0.405339 0.423394 646
4 0.405339 0.425555 652
5 0.445872 0.444365 650
6 0.423628 0.435597 647
7 0.434009 0.436271 648
8 0.455264 0.436048 650
9 0.452793 0.435906 645
10 0.439446 0.422357 645
11 0.456253 0.428149 648
12 0.443401 0.442852 643
13 0.451804 0.434446 656
14 0.468611 0.440598 640
15 0.453782 0.432679 659
16 0.43302 0.437601 645
17 0.443401 0.442775 645
18 0.430054 0.439297 647
19 0.450816 0.424299 650
20 0.432526 0.427366 642
21 0.439446 0.425097 654
22 0.423134 0.426069 644
23 0.432032 0.430309 641
24 0.456253 0.426926 654
25 0.423134 0.426153 638
26 0.443401 0.429084 657
27 0.430054 0.426675 663
28 0.446861 0.428517 648
29 0.440929 0.443587 645
PRECISAO DO ENSEMBLE 0.508156
0 0.387157
1 0.374043
2 0.407166
3 0.36964
4 0.350799
5 0.391447
6 0.37228
7 0.378078
8 0.416297
9 0.386726
10 0.337135
11 0.402704
12 0.371025
13 0.43536
14 0.38559
15 0.371024
16 0.336274
17 0.399114
18 0.368586
19 0.380927
20 0.404136
21 0.368245
22 0.379756
23 0.384869
24 0.360551
25 0.376812
26 0.398124
27 0.357482
28 0.391802
29 0.382215

Geração 35

EXTERNO, INTERNO e N de FEATURES
0 0.478992 0.436184 648
1 0.440435 0.431523 653
2 0.412259 0.442345 635
3 0.421157 0.427412 642
4 0.421157 0.439128 652
5 0.443401 0.430783 658
6 0.461691 0.430533 656
7 0.471577 0.42102 649
8 0.446861 0.426417 664
9 0.455759 0.43037 648
10 0.44439 0.430673 648
11 0.448838 0.442184 662
12 0.442412 0.427311 640
13 0.442907 0.426143 636
14 0.427088 0.41831 649
15 0.414236 0.423547 643
16 0.417696 0.434727 630
17 0.437963 0.427293 647
18 0.429066 0.424988 654
19 0.428571 0.432529 632
20 0.435492 0.422074 653
21 0.472565 0.438989 657
22 0.463174 0.428053 638
23 0.454276 0.430225 634
24 0.42956 0.419905 655
25 0.445872 0.432593 645
26 0.418685 0.436856 657
27 0.427583 0.436282 640
28 0.436975 0.440383 638
29 0.432526 0.432605 648
PRECISAO DO ENSEMBLE 0.505685
0 0.415829
1 0.377069
2 0.411672
3 0.41297
4 0.352759
5 0.417138
6 0.414268
7 0.4095
8 0.390564
9 0.36923
10 0.328644
11 0.417822
12 0.383485
13 0.373997
14 0.348064
15 0.304024
16 0.308362
17 0.380709
18 0.372795
19 0.394389
20 0.40675
21 0.370612
22 0.399688
23 0.389957
24 0.34729
25 0.378482
26 0.348973
27 0.388778
28 0.337905
29 0.391635

Geração 36

EXTERNO, INTERNO e N de FEATURES
0 0.470094 0.435204 657
1 0.428571 0.423961 656
2 0.439446 0.438647 652
3 0.434998 0.429122 642
4 0.41127 0.428567 648
5 0.451804 0.441485 646
6 0.457242 0.442972 661
7 0.432032 0.419304 651
8 0.443895 0.427254 651
9 0.444884 0.441958 648
10 0.438952 0.43365 636
11 0.446861 0.440365 645
12 0.443401 0.434201 653
13 0.453782 0.433469 654
14 0.441918 0.442489 637
15 0.40781 0.451899 645
16 0.456253 0.432951 656
17 0.438458 0.428417 650
18 0.426594 0.426435 643
19 0.443895 0.441636 649
20 0.414731 0.435209 647
21 0.443401 0.432301 642
22 0.44785 0.434235 649
23 0.416708 0.434511 633
24 0.430549 0.434952 625
25 0.439446 0.431489 647
26 0.417202 0.431487 655
27 0.460208 0.43419 641
28 0.477509 0.434933 650
29 0.432526 0.4335 641
PRECISAO DO ENSEMBLE 0.482946
0 0.384636
1 0.377909
2 0.384235
3 0.382683
4 0.372516
5 0.416897
6 0.343924
7 0.363766
8 0.372242
9 0.344337
10 0.408946
11 0.414001
12 0.381627
13 0.384149
14 0.37996
15 0.354618
16 0.452524
17 0.359795
18 0.358083
19 0.401459
20 0.42365
21 0.32871
22 0.388634
23 0.399097
24 0.335495
25 0.327603
26 0.327042
27 0.402691
28 0.374229
29 0.378431

Geração 37

EXTERNO, INTERNO e N de FEATURES
0 0.432526 0.422507 644
1 0.436975 0.433096 630
2 0.450816 0.439287 652
3 0.44785 0.431744 638
4 0.43648 0.423944 631
5 0.454276 0.445288 649
6 0.45131 0.424315 647
7 0.430054 0.439696 646
8 0.430054 0.420176 643
9 0.468611 0.437777 651
10 0.449333 0.432832 641
11 0.45131 0.428738 645
12 0.454276 0.429034 643
13 0.461691 0.42537 637
14 0.465151 0.430261 647
15 0.452299 0.430813 644
16 0.441424 0.428624 650
17 0.454276 0.430841 647
18 0.443401 0.438227 645
19 0.430549 0.433181 624
20 0.455759 0.436034 637
21 0.450321 0.43451 631
22 0.440929 0.432045 635
23 0.425606 0.419711 637
24 0.449333 0.425341 645
25 0.461691 0.435551 643
26 0.428077 0.435336 634
27 0.456253 0.431351 631
28 0.446861 0.439639 630
29 0.445872 0.433577 638
PRECISAO DO ENSEMBLE 0.503213
0 0.342104
1 0.387132
2 0.380077
3 0.377871
4 0.343692
5 0.426725
6 0.383448
7 0.33278
8 0.302699
9 0.334696
10 0.408073
11 0.384595
12 0.359425
13 0.343729
14 0.343192
15 0.40788
16 0.370856
17 0.388993
18 0.371584
19 0.330987
20 0.42879
21 0.352895
22 0.371793
23 0.354167
24 0.402536
25 0.331828
26 0.37198
27 0.343109
28 0.381788
29 0.341257

Geração 38

EXTERNO, INTERNO e N de FEATURES
0 0.421651 0.455982 634
1 0.460208 0.428747 628
2 0.462185 0.428179 642
3 0.440435 0.429725 642
4 0.476026 0.440265 624
5 0.444884 0.435967 651
6 0.455759 0.430687 642
7 0.451804 0.432585 641
8 0.443895 0.43764 636
9 0.471577 0.43753 646
10 0.462679 0.423809 643
11 0.455264 0.439734 635
12 0.450321 0.428834 653
13 0.45131 0.430621 647
14 0.465151 0.435235 642
15 0.458725 0.428472 643
16 0.480969 0.43677 631
17 0.435986 0.42577 635
18 0.460208 0.434825 626
19 0.43648 0.432035 638
20 0.443895 0.42895 628
21 0.472565 0.431249 646
22 0.445378 0.440266 635
23 0.468117 0.428583 633
24 0.450321 0.427655 632
25 0.470094 0.450329 632
26 0.487889 0.429948 658
27 0.467622 0.444118 633
28 0.445872 0.430549 635
29 0.45477 0.434588 630
PRECISAO DO ENSEMBLE 0.515571
0 0.361585
1 0.395398
2 0.379042
3 0.402693
4 0.370248
5 0.379963
6 0.38132
7 0.34915
8 0.37337
9 0.39888
10 0.379307
11 0.384705
12 0.38363
13 0.389388
14 0.377762
15 0.409627
16 0.35648
17 0.35123
18 0.388468
19 0.36099
20 0.376813
21 0.366349
22 0.381467
23 0.414999
24 0.390254
25 0.39704
26 0.388366
27 0.428291
28 0.406359
29 0.363815

Geração 39

EXTERNO, INTERNO e N de FEATURES
0 0.426594 0.42774 624
1 0.439446 0.42003 637
2 0.450321 0.424343 622
3 0.468117 0.435327 640
4 0.437469 0.427414 628
5 0.454276 0.4373 629
6 0.469105 0.433985 642
7 0.426594 0.418526 629
8 0.452299 0.434243 624
9 0.430549 0.440402 640
10 0.465645 0.425466 640
11 0.431537 0.430504 624
12 0.467128 0.431176 634
13 0.469105 0.437969 626
14 0.459713 0.428228 631
15 0.48344 0.430946 636
16 0.432032 0.420813 628
17 0.455759 0.432432 627
18 0.439941 0.42966 624
19 0.453287 0.423202 639
20 0.434503 0.418646 629
21 0.423134 0.424803 623
22 0.454276 0.435501 630
23 0.45823 0.430431 641
24 0.465645 0.438357 624
25 0.433515 0.439642 621
26 0.4696 0.425282 622
27 0.434009 0.431582 643
28 0.445872 0.452804 636
29 0.449827 0.435754 628
PRECISAO DO ENSEMBLE 0.511616
0 0.328317
1 0.371837
2 0.358544
3 0.456323
4 0.302179
5 0.355881
6 0.379099
7 0.355683
8 0.432368
9 0.345255
10 0.365748
11 0.377662
12 0.387386
13 0.356802
14 0.451109
15 0.396188
16 0.367767
17 0.412225
18 0.415723
19 0.375017
20 0.33119
21 0.359813
22 0.396081
23 0.410671
24 0.389053
25 0.426693
26 0.405028
27 0.391686
28 0.447553
29 0.361248

Geração 40

EXTERNO, INTERNO e N de FEATURES
0 0.475037 0.431601 632
1 0.463174 0.431689 635
2 0.419674 0.424356 623
3 0.457242 0.420603 643
4 0.453782 0.434668 614
5 0.440929 0.430918 632
6 0.446367 0.431763 632
7 0.443895 0.42503 622
8 0.478497 0.447234 632
9 0.453782 0.437461 624
10 0.430549 0.433999 637
11 0.45477 0.458287 628
12 0.483935 0.445285 623
13 0.442907 0.41958 631
14 0.43302 0.425756 638
15 0.481463 0.433179 627
16 0.455759 0.432913 644
17 0.47652 0.436924 634
18 0.459219 0.439196 625
19 0.427583 0.421955 627
20 0.469105 0.426255 627
21 0.430549 0.425159 648
22 0.442907 0.430683 618
23 0.462185 0.446239 627
24 0.470094 0.436359 634
25 0.510133 0.431105 629
26 0.419179 0.43352 627
27 0.447355 0.436429 640
28 0.428077 0.421513 636
29 0.438952 0.425258 620
PRECISAO DO ENSEMBLE 0.506673
0 0.421811
1 0.392266
2 0.370464
3 0.374789
4 0.382638
5 0.410425
6 0.387653
7 0.392911
8 0.392336
9 0.399053
10 0.391903
11 0.344722
12 0.397863
13 0.366915
14 0.383694
15 0.350416
16 0.375381
17 0.408849
18 0.420426
19 0.356883
20 0.408774
21 0.357928
22 0.358426
23 0.414285
24 0.381251
25 0.378279
26 0.391561
27 0.375405
28 0.358915
29 0.343594

Geração 41

EXTERNO, INTERNO e N de FEATURES
0 0.456253 0.42866 632
1 0.443895 0.434505 624
2 0.435492 0.430003 615
3 0.457736 0.434249 624
4 0.436975 0.429778 626
5 0.440929 0.429818 623
6 0.455759 0.426481 623
7 0.415719 0.43934 619
8 0.44785 0.433978 625
9 0.4261 0.430089 628
10 0.431043 0.442605 627
11 0.443895 0.450016 637
12 0.471577 0.448031 632
13 0.448838 0.431298 625
14 0.423628 0.427777 625
15 0.445872 0.439351 629
16 0.448838 0.435087 629
17 0.424123 0.427809 629
18 0.451804 0.4334 613
19 0.458725 0.434003 630
20 0.439446 0.427113 624
21 0.448838 0.438454 624
22 0.440435 0.426241 627
23 0.451804 0.43361 629
24 0.460208 0.434869 620
25 0.47306 0.439383 627
26 0.446367 0.446284 630
27 0.434503 0.434676 624
28 0.43648 0.439575 618
29 0.439446 0.432754 634
PRECISAO DO ENSEMBLE 0.493327
0 0.406368
1 0.395453
2 0.374603
3 0.423699
4 0.389929
5 0.42507
6 0.34773
7 0.424168
8 0.365671
9 0.389432
10 0.388469
11 0.385827
12 0.3706
13 0.419438
14 0.377743
15 0.347119
16 0.386547
17 0.369638
18 0.395099
19 0.390455
20 0.358735
21 0.419615
22 0.409211
23 0.395885
24 0.377514
25 0.40283
26 0.357721
27 0.383238
28 0.440448
29 0.425617

Geração 42

EXTERNO, INTERNO e N de FEATURES
0 0.4261 0.433045 632
1 0.451804 0.424048 625
2 0.424123 0.426224 634
3 0.453782 0.439377 637
4 0.459713 0.435536 643
5 0.443401 0.42778 637
6 0.385566 0.431718 615
7 0.450816 0.424182 633
8 0.457242 0.436167 638
9 0.436975 0.438484 635
10 0.434503 0.421369 623
11 0.440435 0.44624 631
12 0.431537 0.428174 637
13 0.449827 0.438198 627
14 0.441424 0.429347 645
15 0.461196 0.440611 627
16 0.44439 0.43197 642
17 0.438952 0.434288 632
18 0.436975 0.450525 637
19 0.468611 0.435592 640
20 0.433515 0.429663 644
21 0.45477 0.442382 633
22 0.430054 0.420676 645
23 0.43648 0.435706 624
24 0.447355 0.424976 645
25 0.428571 0.460469 659
26 0.43302 0.426333 632
27 0.432032 0.419399 633
28 0.445872 0.428775 652
29 0.445872 0.433486 625
PRECISAO DO ENSEMBLE 0.49481
0 0.381078
1 0.3645
2 0.356766
3 0.414398
4 0.350645
5 0.373761
6 0.330007
7 0.354988
8 0.394278
9 0.435667
10 0.413833
11 0.398006
12 0.334986
13 0.391775
14 0.396292
15 0.410849
16 0.379332
17 0.373897
18 0.365278
19 0.37549
20 0.371631
21 0.384572
22 0.364303
23 0.428031
24 0.409191
25 0.386682
26 0.351911
27 0.396082
28 0.417087
29 0.374975

Geração 43

EXTERNO, INTERNO e N de FEATURES
0 0.446367 0.42774 625
1 0.425111 0.429741 619
2 0.421157 0.425288 627
3 0.431043 0.418439 625
4 0.434998 0.422596 623
5 0.457736 0.429192 643
6 0.431537 0.4349 614
7 0.421651 0.431425 628
8 0.408304 0.428547 608
9 0.397924 0.418847 631
10 0.407316 0.419229 627
11 0.417696 0.417459 633
12 0.449827 0.43674 629
13 0.430054 0.427059 619
14 0.432032 0.419352 610
15 0.449827 0.430208 640
16 0.434009 0.423405 633
17 0.407316 0.420261 636
18 0.431043 0.423272 629
19 0.432526 0.427158 630
20 0.429066 0.421688 615
21 0.4261 0.418853 618
22 0.442907 0.426866 640
23 0.442412 0.423559 624
24 0.431537 0.431515 623
25 0.436975 0.425498 626
26 0.415719 0.416025 628
27 0.403361 0.422241 636
28 0.439446 0.43034 629
29 0.434503 0.430407 633
PRECISAO DO ENSEMBLE 0.464162
0 0.353444
1 0.391642
2 0.353367
3 0.370872
4 0.415708
5 0.358208
6 0.34537
7 0.356343
8 0.343819
9 0.353997
10 0.389371
11 0.351976
12 0.381567
13 0.342297
14 0.376578
15 0.375213
16 0.3783
17 0.359697
18 0.383401
19 0.433002
20 0.363035
21 0.401065
22 0.413199
23 0.412526
24 0.379597
25 0.401536
26 0.346567
27 0.350389
28 0.411677
29 0.383424

Geração 44

EXTERNO, INTERNO e N de FEATURES
0 0.461196 0.429038 638
1 0.432526 0.420029 650
2 0.420662 0.411566 648
3 0.435986 0.421651 634
4 0.430549 0.430204 632
5 0.43302 0.433764 635
6 0.45823 0.427705 640
7 0.419179 0.416586 649
8 0.421651 0.418506 639
9 0.428077 0.436242 635
10 0.434503 0.42833 645
11 0.43648 0.423207 636
12 0.41127 0.41093 633
13 0.430054 0.416039 637
14 0.42956 0.426596 656
15 0.424123 0.420728 633
16 0.443895 0.424779 641
17 0.451804 0.419738 641
18 0.439941 0.425594 626
19 0.422145 0.434537 642
20 0.436975 0.42368 628
21 0.410282 0.419365 645
22 0.4261 0.42295 628
23 0.401878 0.414548 651
24 0.426594 0.43061 644
25 0.427088 0.425663 634
26 0.467622 0.43069 625
27 0.406327 0.421218 630
28 0.406822 0.412443 630
29 0.407316 0.419098 635
PRECISAO DO ENSEMBLE 0.464656
0 0.334842
1 0.399788
2 0.351406
3 0.359658
4 0.32961
5 0.342441
6 0.381822
7 0.373243
8 0.375528
9 0.415171
10 0.362143
11 0.377066
12 0.388327
13 0.330367
14 0.329922
15 0.349831
16 0.319429
17 0.379895
18 0.374724
19 0.379184
20 0.369986
21 0.35535
22 0.402618
23 0.341266
24 0.365705
25 0.332018
26 0.352802
27 0.328894
28 0.369569
29 0.313192

Geração 45

EXTERNO, INTERNO e N de FEATURES
0 0.456253 0.431732 636
1 0.423134 0.420605 632
2 0.435986 0.431436 643
3 0.40781 0.421042 633
4 0.450816 0.437912 646
5 0.442907 0.428378 638
6 0.445378 0.424195 632
7 0.427088 0.427125 636
8 0.472565 0.430811 626
9 0.437963 0.415986 639
10 0.412259 0.424326 632
11 0.431537 0.425307 642
12 0.427583 0.419918 644
13 0.4261 0.426939 637
14 0.420168 0.433611 643
15 0.429066 0.421605 647
16 0.435986 0.433283 633
17 0.440929 0.429133 644
18 0.413248 0.421239 638
19 0.403856 0.422774 650
20 0.435986 0.426223 625
21 0.456747 0.4361 644
22 0.442907 0.418134 637
23 0.440435 0.423638 635
24 0.42264 0.417852 627
25 0.435986 0.425255 622
26 0.417696 0.433477 636
27 0.42264 0.431861 629
28 0.44785 0.431728 621
29 0.446367 0.424006 641
PRECISAO DO ENSEMBLE 0.484429
0 0.383376
1 0.34442
2 0.397892
3 0.365471
4 0.355567
5 0.355566
6 0.362728
7 0.369229
8 0.340044
9 0.34444
10 0.336739
11 0.394595
12 0.380071
13 0.401629
14 0.329176
15 0.328783
16 0.391524
17 0.354379
18 0.366253
19 0.377938
20 0.384014
21 0.377313
22 0.403301
23 0.360709
24 0.330191
25 0.41346
26 0.375397
27 0.368315
28 0.358868
29 0.429857

Geração 46

EXTERNO, INTERNO e N de FEATURES
0 0.459219 0.415799 639
1 0.443895 0.426266 636
2 0.432526 0.411987 635
3 0.436975 0.420522 642
4 0.479486 0.421609 664
5 0.434503 0.428481 648
6 0.432032 0.431276 626
7 0.447355 0.429497 644
8 0.43648 0.43113 633
9 0.453287 0.423043 641
10 0.415225 0.422516 650
11 0.450321 0.431175 647
12 0.489372 0.427704 648
13 0.446861 0.441579 631
14 0.462185 0.435293 637
15 0.475531 0.428671 636
16 0.430054 0.419678 634
17 0.427088 0.423423 644
18 0.420662 0.42136 620
19 0.439941 0.430415 631
20 0.45131 0.427399 653
21 0.456253 0.437453 629
22 0.47998 0.441295 630
23 0.452299 0.422059 641
24 0.463174 0.428555 631
25 0.480475 0.434981 630
26 0.449333 0.42233 644
27 0.454276 0.426686 633
28 0.463668 0.424265 649
29 0.451804 0.422976 646
PRECISAO DO ENSEMBLE 0.519525
0 0.366957
1 0.335757
2 0.339571
3 0.336543
4 0.409886
5 0.374471
6 0.358094
7 0.390156
8 0.371281
9 0.368221
10 0.339738
11 0.357436
12 0.40477
13 0.32888
14 0.366754
15 0.332369
16 0.343015
17 0.343043
18 0.340053
19 0.383121
20 0.3771
21 0.343397
22 0.3394
23 0.379022
24 0.353468
25 0.409737
26 0.366073
27 0.395547
28 0.372785
29 0.331666

Geração 47

EXTERNO, INTERNO e N de FEATURES
0 0.441918 0.440724 656
1 0.472565 0.440425 657
2 0.472071 0.434736 646
3 0.468117 0.430542 653
4 0.462185 0.423487 654
5 0.464162 0.427274 643
6 0.49481 0.437784 639
7 0.45823 0.424489 657
8 0.437469 0.42434 643
9 0.453287 0.430123 641
10 0.486406 0.425993 647
11 0.422145 0.412712 646
12 0.43648 0.425924 657
13 0.452299 0.433762 641
14 0.449827 0.41887 645
15 0.475531 0.439981 656
16 0.424123 0.432001 652
17 0.449827 0.425472 645
18 0.466634 0.427193 644
19 0.43648 0.435846 655
20 0.445378 0.434536 650
21 0.43302 0.433074 640
22 0.43302 0.425157 646
23 0.42956 0.426299 636
24 0.455759 0.421219 649
25 0.490855 0.434075 653
26 0.475037 0.427949 639
27 0.442412 0.41951 639
28 0.458725 0.433432 643
29 0.454276 0.423346 650
PRECISAO DO ENSEMBLE 0.509639
0 0.383814
1 0.415612
2 0.369203
3 0.361936
4 0.35033
5 0.386502
6 0.399736
7 0.381463
8 0.362754
9 0.389725
10 0.356153
11 0.330983
12 0.362289
13 0.36555
14 0.359862
15 0.376706
16 0.36696
17 0.409228
18 0.390197
19 0.384445
20 0.408002
21 0.400641
22 0.357428
23 0.369945
24 0.38555
25 0.390352
26 0.380385
27 0.356341
28 0.38376
29 0.376553

Geração 48

EXTERNO, INTERNO e N de FEATURES
0 0.457736 0.436081 657
1 0.434009 0.437967 653
2 0.475531 0.440708 642
3 0.45131 0.430584 666
4 0.440435 0.42161 651
5 0.457242 0.435824 644
6 0.445872 0.431512 651
7 0.459713 0.420127 662
8 0.470588 0.440873 658
9 0.436975 0.427573 646
10 0.427583 0.423956 653
11 0.452299 0.429048 651
12 0.444884 0.447802 643
13 0.4261 0.41537 652
14 0.438952 0.434265 657
15 0.448838 0.426728 652
16 0.456253 0.450417 658
17 0.465645 0.445047 656
18 0.420662 0.432132 635
19 0.470094 0.426181 667
20 0.485418 0.431801 647
21 0.446367 0.414571 656
22 0.481957 0.422823 658
23 0.435986 0.448413 649
24 0.452793 0.4228 652
25 0.42956 0.458043 655
26 0.421651 0.441419 658
27 0.446861 0.428454 643
28 0.440435 0.428711 648
29 0.432032 0.419185 650
PRECISAO DO ENSEMBLE 0.477509
0 0.385916
1 0.389992
2 0.382188
3 0.436715
4 0.427248
5 0.40136
6 0.400192
7 0.380139
8 0.405906
9 0.379752
10 0.411961
11 0.3954
12 0.442778
13 0.400991
14 0.412416
15 0.382832
16 0.432995
17 0.377669
18 0.361782
19 0.41387
20 0.350236
21 0.383891
22 0.375974
23 0.3656
24 0.396391
25 0.402405
26 0.406299
27 0.388132
28 0.417357
29 0.404792

Geração 49

EXTERNO, INTERNO e N de FEATURES
0 0.416708 0.428618 645
1 0.45823 0.435311 651
2 0.465645 0.42538 648
3 0.455759 0.434224 642
4 0.439941 0.437004 639
5 0.427088 0.427681 647
6 0.4261 0.425601 656
7 0.459219 0.428714 653
8 0.449827 0.449402 647
9 0.428571 0.441977 644
10 0.423628 0.449417 647
11 0.443401 0.437566 651
12 0.434009 0.427213 658
13 0.430054 0.446258 647
14 0.459219 0.432752 657
15 0.464656 0.44474 654
16 0.421157 0.435293 644
17 0.468117 0.42622 661
18 0.446861 0.436666 656
19 0.467622 0.441671 639
20 0.414236 0.435463 639
21 0.437469 0.43269 650
22 0.432032 0.440442 658
23 0.443895 0.429247 658
24 0.434998 0.416805 644
25 0.422145 0.435754 648
26 0.445872 0.427133 662
27 0.432526 0.434895 649
28 0.430549 0.43518 650
29 0.4261 0.429106 650
PRECISAO DO ENSEMBLE 0.489372
0 0.390797
1 0.328029
2 0.356498
3 0.344383
4 0.366327
5 0.387279
6 0.377019
7 0.383426
8 0.423839
9 0.392864
10 0.433181
11 0.433259
12 0.367746
13 0.36509
14 0.412393
15 0.421685
16 0.399572
17 0.410298
18 0.385805
19 0.409559
20 0.379375
21 0.398809
22 0.365775
23 0.392398
24 0.363659
25 0.39366
26 0.385148
27 0.358354
28 0.359529
29 0.416189

Geração 50

EXTERNO, INTERNO e N de FEATURES
0 0.435492 0.425423 649
1 0.432526 0.429717 653
2 0.467128 0.433496 647
3 0.436975 0.429323 636
4 0.436975 0.428405 643
5 0.437469 0.424885 658
6 0.468611 0.434052 658
7 0.47306 0.436548 659
8 0.454276 0.439402 646
9 0.457242 0.433985 639
10 0.488384 0.455876 661
11 0.460208 0.431248 660
12 0.44439 0.433697 653
13 0.442412 0.431062 647
14 0.442412 0.421283 648
15 0.4261 0.429354 646
16 0.45131 0.428934 638
17 0.477509 0.440732 651
18 0.428077 0.426569 647
19 0.466634 0.442956 636
20 0.462185 0.435151 647
21 0.446367 0.44282 643
22 0.453782 0.438774 654
23 0.476026 0.439754 651
24 0.440929 0.451711 639
25 0.446861 0.437273 661
26 0.473554 0.435067 653
27 0.438458 0.431815 646
28 0.432526 0.425451 637
29 0.437469 0.425417 655
PRECISAO DO ENSEMBLE 0.496293
0 0.378307
1 0.381946
2 0.362028
3 0.390631
4 0.377699
5 0.38181
6 0.328629
7 0.423066
8 0.414794
9 0.393132
10 0.372605
11 0.366438
12 0.350744
13 0.372227
14 0.3803
15 0.401174
16 0.375037
17 0.396255
18 0.372691
19 0.355474
20 0.373289
21 0.403215
22 0.384346
23 0.433187
24 0.423204
25 0.390974
26 0.391339
27 0.41586
28 0.36885
29 0.419674

