Carregando documentos....
2023 documentos carregados com 1311 termos.
Taxa de mutação de 0.1 e num de pais 10
Geração 1

EXTERNO, INTERNO e N de FEATURES
0 0.275334 0.56248 137
1 0.35047 0.480191 245
2 0.390509 0.433798 375
3 0.448838 0.456772 491
4 0.426594 0.425771 650
5 0.485418 0.419776 760
6 0.492832 0.430067 917
7 0.497281 0.413149 1058
8 0.474048 0.407428 1175
9 0.302027 0.559888 127
10 0.35047 0.480321 241
11 0.410776 0.435084 410
12 0.460702 0.427897 504
13 0.460702 0.423001 613
14 0.475531 0.423632 803
15 0.470588 0.422421 897
16 0.485912 0.420804 1058
17 0.474543 0.413442 1183
18 0.296095 0.572157 123
19 0.348987 0.481829 251
20 0.403856 0.434844 401
21 0.455759 0.447296 476
22 0.43302 0.409116 685
23 0.456747 0.418471 756
24 0.481957 0.424844 923
25 0.474048 0.410289 1053
26 0.50173 0.423934 1189
27 0.320316 0.527698 155
28 0.32872 0.469283 255
29 0.386555 0.433107 392
PRECISAO DO ENSEMBLE 0.556105
0 0.0964707
1 0.180372
2 0.225252
3 0.306565
4 0.321943
5 0.372953
6 0.373814
7 0.406246
8 0.41107
9 0.133579
10 0.160872
11 0.24734
12 0.303657
13 0.342804
14 0.34575
15 0.378504
16 0.422763
17 0.370775
18 0.108294
19 0.172212
20 0.254252
21 0.316713
22 0.308919
23 0.316277
24 0.394491
25 0.405379
26 0.452498
27 0.131655
28 0.164624
29 0.209746

Geração 2

EXTERNO, INTERNO e N de FEATURES
0 0.385566 0.431518 461
1 0.419674 0.436177 446
2 0.434009 0.429906 454
3 0.394464 0.432261 441
4 0.415225 0.427539 447
5 0.395947 0.421509 452
6 0.408799 0.430332 421
7 0.413742 0.428515 450
8 0.377657 0.425577 453
9 0.388532 0.419925 445
10 0.413248 0.435776 444
11 0.405339 0.421373 453
12 0.418191 0.443439 437
13 0.402373 0.438627 437
14 0.384577 0.417712 438
15 0.391003 0.441201 452
16 0.424123 0.434616 440
17 0.418685 0.438209 433
18 0.407316 0.444287 447
19 0.390015 0.427121 445
20 0.415225 0.461324 427
21 0.412259 0.434564 443
22 0.407316 0.437561 434
23 0.408799 0.438805 430
24 0.410776 0.439371 444
25 0.41127 0.427064 436
26 0.41127 0.441984 424
27 0.390509 0.441329 445
28 0.402867 0.43998 439
29 0.384577 0.428234 444
PRECISAO DO ENSEMBLE 0.45477
0 0.288384
1 0.322137
2 0.31779
3 0.282303
4 0.31106
5 0.29057
6 0.28924
7 0.314815
8 0.285739
9 0.300241
10 0.301695
11 0.326825
12 0.275608
13 0.333869
14 0.240917
15 0.314964
16 0.278135
17 0.312336
18 0.287663
19 0.261026
20 0.288997
21 0.2946
22 0.288968
23 0.294668
24 0.307467
25 0.309531
26 0.268767
27 0.28384
28 0.354409
29 0.30493

Geração 3

EXTERNO, INTERNO e N de FEATURES
0 0.424617 0.431941 495
1 0.4261 0.431423 502
2 0.406822 0.430148 486
3 0.416708 0.421157 492
4 0.420168 0.428452 482
5 0.388532 0.429982 504
6 0.438458 0.438038 493
7 0.416708 0.437296 488
8 0.42956 0.429632 496
9 0.421651 0.4312 512
10 0.409787 0.4376 496
11 0.396935 0.43281 497
12 0.391003 0.426214 478
13 0.43302 0.421284 494
14 0.427583 0.434633 465
15 0.424617 0.433766 490
16 0.392981 0.416234 490
17 0.399407 0.42174 502
18 0.389026 0.457948 482
19 0.378151 0.425254 483
20 0.409787 0.431271 494
21 0.428077 0.431879 483
22 0.383589 0.426622 481
23 0.446367 0.429558 503
24 0.443401 0.436999 493
25 0.410282 0.425607 477
26 0.428077 0.430831 507
27 0.416214 0.433485 460
28 0.433515 0.43255 477
29 0.423134 0.428893 494
PRECISAO DO ENSEMBLE 0.470094
0 0.322232
1 0.303209
2 0.293365
3 0.328118
4 0.292013
5 0.303617
6 0.334059
7 0.348915
8 0.267853
9 0.273586
10 0.295185
11 0.267943
12 0.322892
13 0.29419
14 0.302766
15 0.315903
16 0.244084
17 0.265794
18 0.279822
19 0.293179
20 0.298231
21 0.342195
22 0.291182
23 0.285978
24 0.320923
25 0.26659
26 0.290244
27 0.315686
28 0.307617
29 0.350845

Geração 4

EXTERNO, INTERNO e N de FEATURES
0 0.418685 0.43166 529
1 0.454276 0.423422 540
2 0.423628 0.435411 521
3 0.418191 0.421167 532
4 0.417696 0.442154 513
5 0.411765 0.417245 533
6 0.412753 0.425775 515
7 0.4261 0.435024 511
8 0.427583 0.422904 534
9 0.456253 0.428814 542
10 0.402373 0.425585 529
11 0.410282 0.437862 516
12 0.434009 0.425366 542
13 0.422145 0.442773 533
14 0.402373 0.426476 525
15 0.445872 0.424281 520
16 0.428077 0.424853 525
17 0.454276 0.441824 525
18 0.404844 0.411143 552
19 0.427583 0.423268 524
20 0.416708 0.420051 532
21 0.436975 0.428368 534
22 0.435986 0.425099 541
23 0.397924 0.423624 524
24 0.394464 0.41496 529
25 0.448344 0.435648 528
26 0.422145 0.430616 515
27 0.430054 0.425928 543
28 0.419674 0.442408 530
29 0.448838 0.424663 532
PRECISAO DO ENSEMBLE 0.455264
0 0.295835
1 0.309446
2 0.336936
3 0.307052
4 0.349488
5 0.247275
6 0.313111
7 0.298426
8 0.291232
9 0.295773
10 0.263161
11 0.331954
12 0.292529
13 0.284068
14 0.300006
15 0.29482
16 0.269647
17 0.343922
18 0.296429
19 0.273944
20 0.26648
21 0.292358
22 0.328957
23 0.299332
24 0.283496
25 0.332511
26 0.350044
27 0.314759
28 0.290225
29 0.331837

Geração 5

EXTERNO, INTERNO e N de FEATURES
0 0.438952 0.421221 561
1 0.434009 0.421717 567
2 0.416214 0.443737 547
3 0.44439 0.428775 543
4 0.446367 0.428527 548
5 0.444884 0.437144 559
6 0.39743 0.426798 553
7 0.440435 0.426261 551
8 0.439941 0.439335 542
9 0.452299 0.43669 559
10 0.437469 0.417717 553
11 0.423628 0.428435 558
12 0.438458 0.430205 561
13 0.445872 0.435337 567
14 0.427583 0.429208 563
15 0.418191 0.428671 571
16 0.413742 0.433299 557
17 0.420662 0.420085 546
18 0.4261 0.425562 559
19 0.432526 0.435523 550
20 0.452299 0.423492 546
21 0.415225 0.42519 542
22 0.428077 0.422901 561
23 0.452299 0.426905 543
24 0.453287 0.428134 561
25 0.433515 0.431821 555
26 0.435492 0.423588 566
27 0.442412 0.424323 558
28 0.427583 0.429864 566
29 0.439941 0.431758 567
PRECISAO DO ENSEMBLE 0.482946
0 0.32928
1 0.328959
2 0.325545
3 0.369065
4 0.329757
5 0.348682
6 0.324722
7 0.318503
8 0.349595
9 0.354714
10 0.341348
11 0.312824
12 0.336494
13 0.357143
14 0.351033
15 0.368059
16 0.339091
17 0.312891
18 0.315789
19 0.338236
20 0.342007
21 0.344942
22 0.293222
23 0.363684
24 0.320103
25 0.320908
26 0.315994
27 0.354437
28 0.334214
29 0.345147

Geração 6

EXTERNO, INTERNO e N de FEATURES
0 0.439446 0.434037 592
1 0.438952 0.421758 580
2 0.430054 0.4217 582
3 0.453287 0.450689 591
4 0.450321 0.424027 588
5 0.431537 0.430518 572
6 0.433515 0.441046 586
7 0.463174 0.432799 599
8 0.463668 0.431521 569
9 0.438458 0.426139 572
10 0.448344 0.428263 588
11 0.441424 0.424176 579
12 0.462679 0.429591 580
13 0.457736 0.41923 594
14 0.447355 0.438046 579
15 0.425111 0.419667 600
16 0.43648 0.433318 582
17 0.462185 0.434236 604
18 0.430549 0.431824 586
19 0.45477 0.420595 578
20 0.446367 0.443204 571
21 0.459219 0.433538 591
22 0.435986 0.421301 598
23 0.437963 0.44355 585
24 0.440929 0.428411 584
25 0.45823 0.425328 576
26 0.452793 0.43521 596
27 0.442412 0.430053 564
28 0.431537 0.428938 581
29 0.428571 0.426238 572
PRECISAO DO ENSEMBLE 0.484429
0 0.333872
1 0.307001
2 0.317078
3 0.343477
4 0.330147
5 0.303244
6 0.316085
7 0.36232
8 0.332552
9 0.311392
10 0.325983
11 0.33444
12 0.294313
13 0.338228
14 0.349676
15 0.280787
16 0.300109
17 0.367354
18 0.333691
19 0.313313
20 0.356787
21 0.330731
22 0.309658
23 0.345541
24 0.331125
25 0.304155
26 0.370863
27 0.341545
28 0.356759
29 0.348863

Geração 7

EXTERNO, INTERNO e N de FEATURES
0 0.458725 0.434063 588
1 0.451804 0.418609 608
2 0.474048 0.42225 603
3 0.419674 0.432443 581
4 0.463668 0.435821 592
5 0.449827 0.429124 587
6 0.459219 0.429292 590
7 0.432526 0.435746 588
8 0.437963 0.439148 587
9 0.432032 0.448324 593
10 0.450816 0.430979 586
11 0.431043 0.426616 585
12 0.450321 0.429909 590
13 0.464656 0.434834 578
14 0.450321 0.431279 593
15 0.442907 0.436219 580
16 0.456747 0.43947 577
17 0.443895 0.421149 587
18 0.468117 0.425525 597
19 0.418685 0.43727 614
20 0.44785 0.433534 593
21 0.45477 0.428908 573
22 0.438952 0.434503 600
23 0.453287 0.442897 593
24 0.453287 0.430894 590
25 0.473554 0.430773 591
26 0.467622 0.437175 580
27 0.450816 0.431934 571
28 0.452299 0.431633 600
29 0.441424 0.42529 584
PRECISAO DO ENSEMBLE 0.495798
0 0.375464
1 0.366224
2 0.389542
3 0.335719
4 0.378509
5 0.349244
6 0.324597
7 0.327775
8 0.3428
9 0.328263
10 0.350609
11 0.34263
12 0.358221
13 0.365441
14 0.354682
15 0.357162
16 0.363461
17 0.377655
18 0.368029
19 0.333743
20 0.38395
21 0.363055
22 0.358805
23 0.348709
24 0.365727
25 0.355063
26 0.378713
27 0.320721
28 0.335175
29 0.364018

Geração 8

EXTERNO, INTERNO e N de FEATURES
0 0.450321 0.424202 596
1 0.44439 0.430117 603
2 0.443895 0.437564 601
3 0.452793 0.432952 603
4 0.450816 0.425388 603
5 0.441918 0.418774 590
6 0.45823 0.426674 600
7 0.436975 0.436346 590
8 0.448344 0.426841 607
9 0.472071 0.446766 607
10 0.460208 0.427807 588
11 0.47306 0.436984 578
12 0.442907 0.428636 599
13 0.447355 0.444037 588
14 0.440435 0.427716 587
15 0.442412 0.428778 609
16 0.458725 0.437028 587
17 0.457736 0.41923 592
18 0.44439 0.432203 596
19 0.468611 0.42356 622
20 0.491349 0.423339 611
21 0.436975 0.435068 595
22 0.483935 0.462253 618
23 0.445378 0.437773 581
24 0.438458 0.431002 610
25 0.451804 0.426206 604
26 0.462185 0.432798 580
27 0.448838 0.443586 587
28 0.480475 0.43524 610
29 0.451804 0.428163 594
PRECISAO DO ENSEMBLE 0.498764
0 0.363032
1 0.337517
2 0.352992
3 0.329094
4 0.314865
5 0.346578
6 0.341047
7 0.372627
8 0.348793
9 0.372615
10 0.340164
11 0.372719
12 0.400276
13 0.405905
14 0.370686
15 0.3729
16 0.398951
17 0.328919
18 0.373149
19 0.412368
20 0.384565
21 0.323085
22 0.381614
23 0.341708
24 0.357483
25 0.371553
26 0.335123
27 0.352445
28 0.385232
29 0.35547

Geração 9

EXTERNO, INTERNO e N de FEATURES
0 0.443401 0.434583 610
1 0.435986 0.428639 614
2 0.472071 0.426968 599
3 0.420168 0.426269 598
4 0.463668 0.42865 599
5 0.487889 0.430604 587
6 0.451804 0.435214 614
7 0.427583 0.433391 595
8 0.455759 0.434546 596
9 0.45477 0.422305 617
10 0.456253 0.416329 618
11 0.426594 0.44251 617
12 0.456747 0.43081 586
13 0.437963 0.433965 619
14 0.456253 0.435084 601
15 0.437963 0.425863 609
16 0.432032 0.434844 596
17 0.442907 0.437972 606
18 0.452299 0.425357 590
19 0.45131 0.428716 588
20 0.47652 0.429744 593
21 0.449827 0.435393 601
22 0.454276 0.428364 596
23 0.449827 0.430898 614
24 0.445872 0.431856 616
25 0.465151 0.441173 593
26 0.435492 0.437613 604
27 0.463174 0.421279 605
28 0.467128 0.429285 624
29 0.422145 0.426935 606
PRECISAO DO ENSEMBLE 0.490855
0 0.34974
1 0.373302
2 0.327168
3 0.297775
4 0.395219
5 0.379988
6 0.345057
7 0.308348
8 0.362889
9 0.358223
10 0.319364
11 0.345513
12 0.375483
13 0.352061
14 0.356149
15 0.345195
16 0.375247
17 0.382054
18 0.334754
19 0.348678
20 0.358717
21 0.382189
22 0.314561
23 0.344027
24 0.367369
25 0.322798
26 0.338826
27 0.338158
28 0.390814
29 0.343193

Geração 10

EXTERNO, INTERNO e N de FEATURES
0 0.457736 0.424547 620
1 0.432526 0.437968 615
2 0.44785 0.43417 624
3 0.435986 0.421211 642
4 0.453782 0.440275 609
5 0.441424 0.431865 613
6 0.443401 0.427602 612
7 0.442412 0.451241 620
8 0.424617 0.433284 628
9 0.440435 0.426022 602
10 0.430054 0.42955 607
11 0.465151 0.434283 618
12 0.444884 0.443649 605
13 0.468117 0.434968 642
14 0.420168 0.427698 604
15 0.446367 0.435307 594
16 0.449333 0.427102 613
17 0.440929 0.424627 607
18 0.457242 0.438806 617
19 0.460702 0.430211 626
20 0.451804 0.428116 625
21 0.462185 0.439833 591
22 0.437469 0.429384 628
23 0.450816 0.445536 618
24 0.442907 0.4252 610
25 0.43648 0.438038 600
26 0.459219 0.4382 618
27 0.420662 0.427533 610
28 0.416214 0.435142 628
29 0.435986 0.439697 612
PRECISAO DO ENSEMBLE 0.481957
0 0.415943
1 0.356314
2 0.343816
3 0.354124
4 0.420195
5 0.363087
6 0.339907
7 0.32094
8 0.339796
9 0.37093
10 0.333948
11 0.346678
12 0.372303
13 0.334951
14 0.353428
15 0.364026
16 0.308639
17 0.360431
18 0.375199
19 0.363394
20 0.330627
21 0.423887
22 0.35458
23 0.360938
24 0.332675
25 0.336286
26 0.340239
27 0.33467
28 0.312277
29 0.33878

Geração 11

EXTERNO, INTERNO e N de FEATURES
0 0.483935 0.438163 621
1 0.441918 0.43799 611
2 0.458725 0.422434 628
3 0.451804 0.452783 612
4 0.460208 0.447782 605
5 0.470588 0.441383 632
6 0.457736 0.442984 638
7 0.453287 0.431289 627
8 0.449333 0.436815 618
9 0.462679 0.430002 615
10 0.44439 0.434264 602
11 0.472071 0.441485 614
12 0.466634 0.427957 632
13 0.433515 0.42829 607
14 0.437963 0.42144 610
15 0.462679 0.424633 633
16 0.456747 0.43497 629
17 0.485912 0.439193 612
18 0.478003 0.433712 633
19 0.428077 0.44207 613
20 0.427583 0.429419 602
21 0.441424 0.433541 614
22 0.423134 0.429387 610
23 0.439941 0.422445 617
24 0.434009 0.427602 624
25 0.47306 0.448825 599
26 0.45823 0.434098 627
27 0.439446 0.421922 637
28 0.439941 0.437781 606
29 0.427583 0.418719 612
PRECISAO DO ENSEMBLE 0.500247
0 0.368598
1 0.313845
2 0.37607
3 0.371709
4 0.354395
5 0.354008
6 0.417099
7 0.368928
8 0.33325
9 0.330645
10 0.335694
11 0.388502
12 0.360742
13 0.36322
14 0.343957
15 0.371149
16 0.350251
17 0.373006
18 0.392377
19 0.346246
20 0.348111
21 0.367568
22 0.384831
23 0.362488
24 0.356966
25 0.366535
26 0.377525
27 0.376309
28 0.359586
29 0.347717

Geração 12

EXTERNO, INTERNO e N de FEATURES
0 0.42956 0.424426 628
1 0.454276 0.428769 629
2 0.455759 0.425627 649
3 0.435986 0.419136 608
4 0.437963 0.437299 624
5 0.409787 0.420861 617
6 0.437469 0.42347 632
7 0.441424 0.423029 623
8 0.467622 0.433962 607
9 0.439446 0.430796 630
10 0.435492 0.421117 633
11 0.426594 0.42108 632
12 0.453782 0.418103 628
13 0.439446 0.430436 618
14 0.45823 0.428739 616
15 0.439446 0.454448 631
16 0.439446 0.431443 629
17 0.474543 0.441895 636
18 0.446861 0.432439 633
19 0.453782 0.430886 616
20 0.45131 0.423299 631
21 0.432526 0.430346 618
22 0.440435 0.426611 627
23 0.4696 0.423775 606
24 0.459713 0.432879 612
25 0.416214 0.416298 616
26 0.426594 0.437106 620
27 0.446367 0.433189 614
28 0.443401 0.441448 624
29 0.456253 0.433064 625
PRECISAO DO ENSEMBLE 0.510133
0 0.327465
1 0.400089
2 0.41923
3 0.347889
4 0.348955
5 0.355263
6 0.336835
7 0.346385
8 0.324225
9 0.362576
10 0.35946
11 0.320952
12 0.361607
13 0.385004
14 0.343238
15 0.358206
16 0.339029
17 0.394154
18 0.362174
19 0.312453
20 0.351101
21 0.352198
22 0.355818
23 0.389286
24 0.384476
25 0.315063
26 0.34169
27 0.355276
28 0.405013
29 0.360266

Geração 13

EXTERNO, INTERNO e N de FEATURES
0 0.460702 0.437851 621
1 0.466634 0.432982 642
2 0.444884 0.438466 621
3 0.445378 0.424353 646
4 0.456747 0.42453 622
5 0.462185 0.441863 645
6 0.453287 0.426843 626
7 0.434503 0.424371 604
8 0.443401 0.434549 639
9 0.470588 0.43822 632
10 0.455759 0.43842 623
11 0.429066 0.432062 632
12 0.45131 0.435311 622
13 0.415225 0.427405 633
14 0.445872 0.438795 609
15 0.459713 0.423276 631
16 0.449827 0.445771 618
17 0.471577 0.431055 627
18 0.42264 0.427554 629
19 0.45131 0.432762 630
20 0.424123 0.420333 629
21 0.461691 0.433501 613
22 0.462185 0.442684 636
23 0.432526 0.435625 619
24 0.472071 0.431628 648
25 0.479486 0.437318 622
26 0.414731 0.419833 634
27 0.445378 0.4284 645
28 0.434998 0.437242 652
29 0.438458 0.43233 624
PRECISAO DO ENSEMBLE 0.490855
0 0.408958
1 0.343801
2 0.355192
3 0.359206
4 0.382618
5 0.361003
6 0.393241
7 0.366913
8 0.399635
9 0.366335
10 0.348608
11 0.37794
12 0.335469
13 0.354431
14 0.367964
15 0.361041
16 0.383696
17 0.348285
18 0.30342
19 0.374785
20 0.329332
21 0.357229
22 0.372309
23 0.385689
24 0.379847
25 0.369503
26 0.367999
27 0.36902
28 0.414071
29 0.352873

Geração 14

EXTERNO, INTERNO e N de FEATURES
0 0.423628 0.429702 626
1 0.460208 0.427699 621
2 0.438458 0.445526 618
3 0.462185 0.438771 621
4 0.428077 0.430274 633
5 0.463668 0.442544 635
6 0.446367 0.429943 620
7 0.486406 0.439321 627
8 0.463668 0.448814 637
9 0.43302 0.434506 620
10 0.456747 0.429308 644
11 0.455759 0.444421 638
12 0.460702 0.431805 605
13 0.437963 0.439755 649
14 0.449333 0.428533 622
15 0.467128 0.440374 615
16 0.476026 0.435344 638
17 0.44785 0.430193 633
18 0.448344 0.428602 627
19 0.460208 0.427683 630
20 0.465151 0.435372 653
21 0.440929 0.436065 656
22 0.427088 0.420053 625
23 0.452299 0.432085 602
24 0.430549 0.43223 612
25 0.456747 0.439507 633
26 0.447355 0.429656 637
27 0.463668 0.428205 646
28 0.479486 0.428211 648
29 0.463668 0.44779 616
PRECISAO DO ENSEMBLE 0.518043
0 0.332338
1 0.318456
2 0.345919
3 0.378165
4 0.371105
5 0.439814
6 0.39675
7 0.365708
8 0.372419
9 0.354803
10 0.406079
11 0.374639
12 0.356974
13 0.350488
14 0.396483
15 0.363431
16 0.390738
17 0.391015
18 0.33132
19 0.396434
20 0.354304
21 0.357945
22 0.375984
23 0.36773
24 0.368631
25 0.370947
26 0.381013
27 0.339938
28 0.354152
29 0.380257

Geração 15

EXTERNO, INTERNO e N de FEATURES
0 0.419179 0.431573 617
1 0.442412 0.430893 615
2 0.47652 0.435582 631
3 0.457242 0.435981 622
4 0.464656 0.43822 635
5 0.446861 0.434309 620
6 0.47998 0.430832 633
7 0.418685 0.437134 603
8 0.439941 0.435052 609
9 0.485912 0.444216 621
10 0.438458 0.428643 640
11 0.460208 0.439457 633
12 0.460702 0.440609 623
13 0.461196 0.449754 626
14 0.470094 0.433501 651
15 0.443401 0.428446 644
16 0.468117 0.441677 601
17 0.467128 0.437258 627
18 0.439446 0.42776 638
19 0.443401 0.434018 631
20 0.419179 0.432601 641
21 0.4696 0.448174 625
22 0.452793 0.420923 623
23 0.474048 0.430914 644
24 0.442412 0.440953 648
25 0.439446 0.429389 642
26 0.448838 0.435116 623
27 0.443895 0.442271 610
28 0.447355 0.435121 642
29 0.459713 0.425618 623
PRECISAO DO ENSEMBLE 0.503707
0 0.360836
1 0.397392
2 0.427406
3 0.35011
4 0.402926
5 0.340388
6 0.417412
7 0.357754
8 0.37105
9 0.375795
10 0.361093
11 0.388831
12 0.363443
13 0.417998
14 0.406172
15 0.362627
16 0.38543
17 0.396488
18 0.364888
19 0.403829
20 0.351646
21 0.374959
22 0.382932
23 0.339634
24 0.411888
25 0.396025
26 0.366771
27 0.333236
28 0.420898
29 0.381245

Geração 16

EXTERNO, INTERNO e N de FEATURES
0 0.432032 0.436296 633
1 0.460702 0.431317 621
2 0.442412 0.430223 627
3 0.453287 0.432296 630
4 0.430054 0.42144 630
5 0.453287 0.437393 631
6 0.450321 0.430259 632
7 0.434998 0.437539 648
8 0.446861 0.435287 622
9 0.467622 0.453031 615
10 0.44785 0.423378 631
11 0.466139 0.436879 624
12 0.450321 0.437086 638
13 0.462185 0.441397 618
14 0.445872 0.436122 614
15 0.457736 0.434851 623
16 0.441424 0.424577 632
17 0.420662 0.436102 628
18 0.439941 0.425002 628
19 0.478497 0.441687 627
20 0.451804 0.438699 628
21 0.464656 0.426405 648
22 0.463668 0.423223 641
23 0.451804 0.442804 646
24 0.452793 0.42969 622
25 0.452299 0.460822 620
26 0.460208 0.43203 614
27 0.458725 0.44142 624
28 0.443895 0.434325 634
29 0.457242 0.453701 637
PRECISAO DO ENSEMBLE 0.49827
0 0.400321
1 0.353594
2 0.383022
3 0.337843
4 0.308505
5 0.323896
6 0.339081
7 0.359916
8 0.386548
9 0.383623
10 0.382263
11 0.403077
12 0.395631
13 0.399139
14 0.334191
15 0.3718
16 0.377807
17 0.363951
18 0.331071
19 0.357739
20 0.362077
21 0.351051
22 0.353434
23 0.407405
24 0.403976
25 0.329081
26 0.385944
27 0.345349
28 0.372864
29 0.363009

Geração 17

EXTERNO, INTERNO e N de FEATURES
0 0.456747 0.437329 655
1 0.485912 0.429 636
2 0.454276 0.426916 633
3 0.424123 0.454074 630
4 0.429066 0.425288 633
5 0.419179 0.428881 640
6 0.432032 0.433164 633
7 0.425606 0.430691 643
8 0.456253 0.422408 648
9 0.470094 0.44714 632
10 0.462185 0.444859 643
11 0.450321 0.440313 634
12 0.455264 0.421104 658
13 0.460702 0.449203 652
14 0.447355 0.434363 623
15 0.422145 0.426276 635
16 0.471577 0.428709 625
17 0.444884 0.438293 634
18 0.446367 0.427438 641
19 0.442412 0.428851 647
20 0.45823 0.448687 646
21 0.461196 0.432221 645
22 0.460208 0.425248 633
23 0.452299 0.424657 638
24 0.42956 0.417675 645
25 0.462185 0.434127 615
26 0.445872 0.42792 651
27 0.447355 0.423885 641
28 0.47306 0.433557 664
29 0.445872 0.430636 642
PRECISAO DO ENSEMBLE 0.476026
0 0.418955
1 0.402849
2 0.405622
3 0.391736
4 0.349672
5 0.3538
6 0.284795
7 0.307594
8 0.438906
9 0.428979
10 0.369098
11 0.37091
12 0.363086
13 0.42772
14 0.3961
15 0.326827
16 0.388814
17 0.378574
18 0.390419
19 0.345926
20 0.418162
21 0.406361
22 0.356746
23 0.349587
24 0.406557
25 0.400884
26 0.382476
27 0.351536
28 0.336901
29 0.376381

Geração 18

EXTERNO, INTERNO e N de FEATURES
0 0.451804 0.430853 637
1 0.477014 0.430129 655
2 0.450816 0.428164 662
3 0.449827 0.431772 649
4 0.461196 0.425677 637
5 0.423628 0.441876 655
6 0.420168 0.421446 648
7 0.446367 0.426811 634
8 0.471577 0.431206 626
9 0.449827 0.417684 655
10 0.482946 0.430572 650
11 0.43302 0.445202 644
12 0.416708 0.432236 647
13 0.421157 0.426279 634
14 0.434998 0.441056 632
15 0.467128 0.435396 649
16 0.443401 0.440841 647
17 0.484429 0.435061 644
18 0.472565 0.425796 642
19 0.44785 0.441749 623
20 0.464656 0.436559 656
21 0.483935 0.430211 676
22 0.438952 0.421734 648
23 0.427088 0.425335 642
24 0.446861 0.433383 633
25 0.416214 0.444757 646
26 0.453782 0.431647 641
27 0.45823 0.438329 641
28 0.474543 0.43436 626
29 0.443895 0.431112 643
PRECISAO DO ENSEMBLE 0.487395
0 0.347795
1 0.331136
2 0.395043
3 0.380334
4 0.393759
5 0.41544
6 0.354911
7 0.3481
8 0.373934
9 0.351924
10 0.406357
11 0.373693
12 0.401194
13 0.385787
14 0.408997
15 0.409591
16 0.35667
17 0.355282
18 0.353863
19 0.369293
20 0.392672
21 0.379519
22 0.34635
23 0.345832
24 0.345196
25 0.358269
26 0.395315
27 0.371506
28 0.352609
29 0.355802

Geração 19

EXTERNO, INTERNO e N de FEATURES
0 0.449333 0.442853 661
1 0.460208 0.426768 632
2 0.441918 0.426195 656
3 0.470588 0.449372 648
4 0.463174 0.443912 627
5 0.434009 0.425082 639
6 0.461196 0.432182 655
7 0.47998 0.423935 665
8 0.431043 0.429339 644
9 0.464656 0.418623 653
10 0.461691 0.435739 634
11 0.424123 0.431615 655
12 0.453782 0.431088 640
13 0.456253 0.437885 647
14 0.463668 0.431222 651
15 0.45477 0.429638 643
16 0.469105 0.429379 638
17 0.457242 0.431458 647
18 0.445872 0.436234 658
19 0.435986 0.428611 648
20 0.446861 0.431017 647
21 0.456253 0.424658 649
22 0.4696 0.438312 644
23 0.450816 0.431042 636
24 0.439941 0.433115 655
25 0.439446 0.428204 650
26 0.435492 0.42631 664
27 0.449827 0.423227 641
28 0.44439 0.43405 647
29 0.468117 0.437841 641
PRECISAO DO ENSEMBLE 0.495304
0 0.388872
1 0.374214
2 0.360134
3 0.395499
4 0.391066
5 0.336108
6 0.403553
7 0.349863
8 0.358618
9 0.369428
10 0.399587
11 0.372578
12 0.402715
13 0.385376
14 0.338254
15 0.402856
16 0.314145
17 0.384416
18 0.365829
19 0.383586
20 0.33834
21 0.368864
22 0.35711
23 0.339861
24 0.418429
25 0.331741
26 0.385569
27 0.374837
28 0.359361
29 0.33179

Geração 20

EXTERNO, INTERNO e N de FEATURES
0 0.464656 0.45624 654
1 0.490361 0.428319 662
2 0.469105 0.419402 644
3 0.439446 0.424028 645
4 0.442907 0.420342 655
5 0.474048 0.425338 660
6 0.443895 0.422552 649
7 0.464656 0.41936 639
8 0.452299 0.425754 644
9 0.451804 0.423472 651
10 0.462679 0.428551 638
11 0.434503 0.433457 649
12 0.464162 0.434949 648
13 0.441424 0.424151 663
14 0.473554 0.441075 628
15 0.431537 0.424416 642
16 0.461196 0.426704 649
17 0.449333 0.423402 649
18 0.452793 0.418206 651
19 0.449827 0.424373 648
20 0.463174 0.431834 623
21 0.449333 0.427685 640
22 0.466634 0.443599 633
23 0.434503 0.428875 637
24 0.441918 0.426495 649
25 0.427088 0.440756 634
26 0.434009 0.421291 641
27 0.470094 0.427126 654
28 0.443895 0.419537 635
29 0.463174 0.442365 645
PRECISAO DO ENSEMBLE 0.521997
0 0.399349
1 0.355491
2 0.351132
3 0.383028
4 0.33227
5 0.364237
6 0.348878
7 0.343724
8 0.337115
9 0.351636
10 0.363014
11 0.348944
12 0.378646
13 0.338493
14 0.382504
15 0.314174
16 0.336478
17 0.36849
18 0.318651
19 0.365616
20 0.382987
21 0.402762
22 0.399393
23 0.310788
24 0.349367
25 0.354387
26 0.369693
27 0.311097
28 0.345422
29 0.412708

Geração 21

EXTERNO, INTERNO e N de FEATURES
0 0.473554 0.433637 669
1 0.458725 0.427823 651
2 0.440435 0.418405 631
3 0.45131 0.438833 639
4 0.445378 0.431225 658
5 0.436975 0.440982 637
6 0.455759 0.425473 645
7 0.444884 0.419856 645
8 0.43302 0.426222 641
9 0.465645 0.432966 678
10 0.421157 0.421333 633
11 0.464162 0.426375 656
12 0.435492 0.429696 666
13 0.439446 0.438638 637
14 0.47998 0.453887 644
15 0.446861 0.421421 662
16 0.42264 0.436389 654
17 0.434009 0.415057 667
18 0.431043 0.431514 644
19 0.452299 0.438934 637
20 0.433515 0.428871 650
21 0.44439 0.433902 641
22 0.472071 0.439202 649
23 0.44439 0.432097 651
24 0.455264 0.434994 639
25 0.445872 0.424883 666
26 0.440435 0.438092 632
27 0.457242 0.416727 656
28 0.465151 0.422163 656
29 0.45131 0.4245 667
PRECISAO DO ENSEMBLE 0.485912
0 0.374614
1 0.384275
2 0.363531
3 0.344743
4 0.318906
5 0.374265
6 0.349153
7 0.374481
8 0.302699
9 0.380015
10 0.308977
11 0.357193
12 0.361282
13 0.367899
14 0.371024
15 0.36503
16 0.345924
17 0.385936
18 0.367831
19 0.376528
20 0.360347
21 0.351018
22 0.405011
23 0.385081
24 0.361573
25 0.354801
26 0.338742
27 0.420275
28 0.364471
29 0.362497

Geração 22

EXTERNO, INTERNO e N de FEATURES
0 0.438952 0.425488 653
1 0.456253 0.439928 682
2 0.446861 0.426544 669
3 0.45823 0.431978 648
4 0.449827 0.427799 665
5 0.435986 0.431608 661
6 0.449333 0.422947 664
7 0.441918 0.432462 688
8 0.45823 0.440444 667
9 0.439446 0.442573 666
10 0.482452 0.43923 668
11 0.471577 0.425551 653
12 0.461691 0.436279 664
13 0.455264 0.428682 651
14 0.450816 0.429535 667
15 0.467128 0.432946 682
16 0.432526 0.418669 655
17 0.467622 0.429635 661
18 0.472565 0.443061 653
19 0.45823 0.438397 670
20 0.460702 0.423547 671
21 0.434009 0.435345 644
22 0.461691 0.444616 670
23 0.432526 0.437071 653
24 0.429066 0.429833 666
25 0.434503 0.431225 666
26 0.469105 0.437953 660
27 0.480475 0.436 668
28 0.427088 0.42579 665
29 0.457242 0.441371 677
PRECISAO DO ENSEMBLE 0.50173
0 0.393113
1 0.384256
2 0.361928
3 0.393164
4 0.3787
5 0.35445
6 0.335188
7 0.385964
8 0.358528
9 0.373929
10 0.403912
11 0.367438
12 0.374996
13 0.374203
14 0.39079
15 0.401786
16 0.330514
17 0.357807
18 0.409753
19 0.35741
20 0.404653
21 0.358397
22 0.390875
23 0.366932
24 0.343523
25 0.345752
26 0.448726
27 0.414156
28 0.374075
29 0.375865

Geração 23

EXTERNO, INTERNO e N de FEATURES
0 0.441918 0.428472 691
1 0.464162 0.430201 680
2 0.439941 0.441537 677
3 0.482946 0.434048 688
4 0.43648 0.42351 678
5 0.445378 0.435326 678
6 0.459219 0.420753 671
7 0.483935 0.432226 667
8 0.449827 0.428713 675
9 0.459219 0.44753 681
10 0.43648 0.454301 645
11 0.465645 0.434166 662
12 0.471577 0.436652 668
13 0.457242 0.432616 679
14 0.462185 0.427813 675
15 0.446861 0.434632 661
16 0.437963 0.438481 681
17 0.440435 0.422041 677
18 0.474543 0.475691 683
19 0.482452 0.441473 675
20 0.409787 0.436246 664
21 0.486406 0.440156 667
22 0.463174 0.437885 656
23 0.475037 0.432444 672
24 0.466139 0.431183 668
25 0.459713 0.439623 669
26 0.455264 0.436245 662
27 0.445378 0.422669 662
28 0.416708 0.432362 700
29 0.452793 0.42405 668
PRECISAO DO ENSEMBLE 0.507168
0 0.339098
1 0.328698
2 0.326744
3 0.369946
4 0.397735
5 0.35039
6 0.341659
7 0.374338
8 0.370264
9 0.414121
10 0.372398
11 0.373456
12 0.369321
13 0.322426
14 0.37905
15 0.409425
16 0.366715
17 0.357479
18 0.423512
19 0.384294
20 0.378741
21 0.360365
22 0.419474
23 0.385974
24 0.358704
25 0.375308
26 0.389091
27 0.319169
28 0.311918
29 0.354676

Geração 24

EXTERNO, INTERNO e N de FEATURES
0 0.464656 0.429614 664
1 0.437963 0.421128 666
2 0.398913 0.415912 679
3 0.460208 0.417358 675
4 0.446861 0.425308 646
5 0.456747 0.439519 676
6 0.427583 0.439058 644
7 0.443895 0.433607 662
8 0.431043 0.436867 673
9 0.450321 0.423877 671
10 0.460208 0.438695 664
11 0.433515 0.426671 682
12 0.442907 0.435172 656
13 0.441918 0.422464 650
14 0.448344 0.423584 652
15 0.450816 0.425245 665
16 0.434009 0.439252 659
17 0.474543 0.426964 661
18 0.475037 0.431525 663
19 0.449333 0.431489 661
20 0.451804 0.427625 661
21 0.461196 0.427716 650
22 0.445378 0.426395 667
23 0.448344 0.423742 684
24 0.460702 0.430444 679
25 0.450816 0.425194 648
26 0.489372 0.444853 670
27 0.463668 0.432086 663
28 0.452793 0.424506 673
29 0.434009 0.422027 675
PRECISAO DO ENSEMBLE 0.500247
0 0.382189
1 0.316574
2 0.308456
3 0.325458
4 0.350886
5 0.426812
6 0.316267
7 0.383881
8 0.383201
9 0.36511
10 0.452147
11 0.386592
12 0.302026
13 0.391995
14 0.338677
15 0.403923
16 0.370679
17 0.379818
18 0.3552
19 0.379929
20 0.371307
21 0.358794
22 0.375462
23 0.36037
24 0.377371
25 0.365779
26 0.356682
27 0.389492
28 0.351786
29 0.344526

Geração 25

EXTERNO, INTERNO e N de FEATURES
0 0.448344 0.425145 688
1 0.466139 0.424852 684
2 0.472071 0.423317 675
3 0.461691 0.436576 665
4 0.427088 0.418028 661
5 0.460702 0.432398 673
6 0.465151 0.43383 676
7 0.437963 0.440056 646
8 0.456253 0.431715 682
9 0.468117 0.429435 663
10 0.446861 0.423192 672
11 0.45131 0.426559 666
12 0.470588 0.42826 687
13 0.453782 0.434735 670
14 0.437963 0.428353 674
15 0.435492 0.431639 668
16 0.459713 0.432089 657
17 0.44439 0.426376 662
18 0.411765 0.430895 679
19 0.439446 0.426291 675
20 0.471577 0.431936 646
21 0.450321 0.434685 660
22 0.45477 0.427364 674
23 0.463668 0.435096 667
24 0.452299 0.431904 680
25 0.439446 0.429482 682
26 0.468611 0.428823 671
27 0.464162 0.433846 655
28 0.442412 0.439423 693
29 0.463174 0.439818 654
PRECISAO DO ENSEMBLE 0.503707
0 0.346097
1 0.378055
2 0.32958
3 0.382275
4 0.355058
5 0.37508
6 0.362565
7 0.348752
8 0.363536
9 0.348173
10 0.346433
11 0.335487
12 0.380208
13 0.388065
14 0.38553
15 0.364744
16 0.337397
17 0.390911
18 0.329417
19 0.377733
20 0.357564
21 0.318493
22 0.359867
23 0.332365
24 0.361113
25 0.395231
26 0.373083
27 0.329378
28 0.360816
29 0.41268

Geração 26

EXTERNO, INTERNO e N de FEATURES
0 0.435492 0.428918 656
1 0.488878 0.43473 674
2 0.459219 0.43907 642
3 0.454276 0.433602 649
4 0.459713 0.420183 668
5 0.437963 0.427443 644
6 0.470588 0.428398 652
7 0.4696 0.426354 659
8 0.442907 0.426309 654
9 0.472565 0.441661 653
10 0.478003 0.445518 648
11 0.447355 0.421448 660
12 0.434998 0.426228 648
13 0.481957 0.429584 663
14 0.452793 0.433522 668
15 0.463174 0.44348 654
16 0.42956 0.425433 661
17 0.445872 0.441527 648
18 0.448838 0.422627 658
19 0.471083 0.444697 656
20 0.462679 0.439703 661
21 0.439446 0.423719 662
22 0.45823 0.427232 637
23 0.483935 0.434332 653
24 0.464656 0.416418 665
25 0.457242 0.439 653
26 0.438458 0.429656 651
27 0.463174 0.430235 649
28 0.462679 0.424054 658
29 0.434998 0.445096 658
PRECISAO DO ENSEMBLE 0.50519
0 0.333
1 0.37721
2 0.362601
3 0.366712
4 0.302632
5 0.359326
6 0.342777
7 0.344647
8 0.329061
9 0.359214
10 0.381679
11 0.344231
12 0.356255
13 0.347289
14 0.346532
15 0.380219
16 0.309589
17 0.364011
18 0.340971
19 0.346457
20 0.379638
21 0.394749
22 0.31784
23 0.344029
24 0.353719
25 0.371578
26 0.326109
27 0.389865
28 0.369746
29 0.336073

Geração 27

EXTERNO, INTERNO e N de FEATURES
0 0.425606 0.445163 651
1 0.490361 0.432123 657
2 0.442412 0.424332 652
3 0.437469 0.438023 635
4 0.439446 0.428634 645
5 0.446861 0.428393 654
6 0.454276 0.425538 653
7 0.463668 0.432061 661
8 0.448838 0.422155 659
9 0.446861 0.428911 659
10 0.476026 0.432474 659
11 0.431537 0.426994 644
12 0.467128 0.429983 661
13 0.450321 0.42491 659
14 0.453287 0.420062 658
15 0.459713 0.428196 660
16 0.467128 0.434664 659
17 0.461196 0.428746 657
18 0.45823 0.431321 655
19 0.428077 0.434226 667
20 0.425111 0.426676 653
21 0.458725 0.426684 659
22 0.442412 0.440778 649
23 0.448344 0.435891 647
24 0.473554 0.444521 651
25 0.442907 0.456114 645
26 0.451804 0.441742 654
27 0.478003 0.431538 675
28 0.449333 0.438192 646
29 0.444884 0.419284 668
PRECISAO DO ENSEMBLE 0.499259
0 0.358159
1 0.37673
2 0.322696
3 0.362592
4 0.37507
5 0.350534
6 0.421672
7 0.392258
8 0.35642
9 0.360782
10 0.357614
11 0.38966
12 0.350415
13 0.363641
14 0.335679
15 0.369597
16 0.403056
17 0.374924
18 0.393147
19 0.330728
20 0.321941
21 0.386128
22 0.297064
23 0.379697
24 0.379339
25 0.351809
26 0.377952
27 0.331141
28 0.389476
29 0.378644

Geração 28

EXTERNO, INTERNO e N de FEATURES
0 0.47998 0.42868 670
1 0.461196 0.439976 669
2 0.437963 0.437203 674
3 0.434009 0.427949 666
4 0.399407 0.430992 673
5 0.437963 0.422276 678
6 0.453287 0.432142 675
7 0.437963 0.417326 668
8 0.457736 0.413219 668
9 0.460702 0.434633 677
10 0.449333 0.417929 674
11 0.418685 0.462443 657
12 0.42956 0.436865 691
13 0.441918 0.429882 646
14 0.461691 0.432736 667
15 0.457736 0.428675 652
16 0.428571 0.425738 661
17 0.440435 0.428394 667
18 0.424123 0.441729 678
19 0.449827 0.4263 659
20 0.452793 0.421299 651
21 0.431537 0.432782 651
22 0.437963 0.422995 671
23 0.449827 0.419978 670
24 0.417696 0.414205 666
25 0.434009 0.416461 640
26 0.471577 0.425172 649
27 0.463174 0.431859 640
28 0.461196 0.427776 671
29 0.428077 0.431349 666
PRECISAO DO ENSEMBLE 0.502719
0 0.337992
1 0.424879
2 0.436716
3 0.382466
4 0.370337
5 0.344973
6 0.373764
7 0.341056
8 0.343223
9 0.422661
10 0.396033
11 0.364829
12 0.346375
13 0.350917
14 0.413757
15 0.36408
16 0.370254
17 0.325659
18 0.351115
19 0.313896
20 0.332611
21 0.397975
22 0.416884
23 0.397508
24 0.358062
25 0.362303
26 0.358934
27 0.399682
28 0.418268
29 0.345957

Geração 29

EXTERNO, INTERNO e N de FEATURES
0 0.405833 0.414462 653
1 0.437963 0.439113 660
2 0.447355 0.426214 655
3 0.459713 0.422331 670
4 0.437963 0.456049 650
5 0.432032 0.426087 651
6 0.452299 0.430997 678
7 0.453287 0.426596 662
8 0.442907 0.441637 648
9 0.428571 0.425859 666
10 0.458725 0.438374 664
11 0.421157 0.424441 652
12 0.413248 0.453523 648
13 0.443895 0.436384 660
14 0.461691 0.42784 677
15 0.423134 0.443168 646
16 0.444884 0.421862 671
17 0.426594 0.440123 664
18 0.423628 0.422213 684
19 0.417202 0.41664 661
20 0.463668 0.439141 654
21 0.444884 0.438416 650
22 0.464656 0.448616 674
23 0.432526 0.431744 657
24 0.428571 0.425034 672
25 0.424617 0.439371 653
26 0.434503 0.426203 662
27 0.460702 0.442318 648
28 0.434998 0.431848 661
29 0.426594 0.430976 660
PRECISAO DO ENSEMBLE 0.492338
0 0.314756
1 0.358787
2 0.437148
3 0.366599
4 0.404746
5 0.371605
6 0.36953
7 0.365884
8 0.366591
9 0.388443
10 0.443902
11 0.409434
12 0.392098
13 0.365255
14 0.438073
15 0.362369
16 0.410305
17 0.39927
18 0.382131
19 0.339571
20 0.41278
21 0.434659
22 0.352028
23 0.391266
24 0.388182
25 0.404143
26 0.312987
27 0.424422
28 0.342762
29 0.334033

Geração 30

EXTERNO, INTERNO e N de FEATURES
0 0.458725 0.443642 662
1 0.445378 0.433731 655
2 0.445378 0.418689 662
3 0.450816 0.427367 661
4 0.465645 0.438902 654
5 0.468117 0.436896 671
6 0.429066 0.435282 666
7 0.453782 0.429525 639
8 0.44785 0.427339 664
9 0.443895 0.431594 650
10 0.452299 0.420542 661
11 0.436975 0.425325 660
12 0.471083 0.421494 660
13 0.442412 0.424256 640
14 0.450321 0.440908 654
15 0.44439 0.424522 646
16 0.47306 0.431259 647
17 0.469105 0.439427 647
18 0.443401 0.433928 653
19 0.437469 0.42237 657
20 0.453287 0.425322 656
21 0.459219 0.422048 673
22 0.44785 0.44016 682
23 0.45477 0.438097 652
24 0.441918 0.429818 662
25 0.434009 0.427518 656
26 0.442412 0.435067 656
27 0.45823 0.430599 662
28 0.442907 0.441727 658
29 0.452793 0.430882 664
PRECISAO DO ENSEMBLE 0.49827
0 0.387979
1 0.395511
2 0.373585
3 0.405307
4 0.333554
5 0.334624
6 0.395178
7 0.379866
8 0.405271
9 0.386158
10 0.368992
11 0.36758
12 0.394341
13 0.394973
14 0.402669
15 0.371428
16 0.401266
17 0.407156
18 0.397475
19 0.369565
20 0.318645
21 0.416889
22 0.375203
23 0.414857
24 0.381721
25 0.325127
26 0.370083
27 0.38258
28 0.382223
29 0.410595

Geração 31

EXTERNO, INTERNO e N de FEATURES
0 0.455264 0.424186 644
1 0.42956 0.417135 688
2 0.440435 0.428244 663
3 0.445378 0.427279 662
4 0.439941 0.422741 668
5 0.4696 0.433452 653
6 0.456253 0.428073 649
7 0.441918 0.441462 653
8 0.449827 0.433551 662
9 0.421157 0.430415 660
10 0.460702 0.435571 662
11 0.4261 0.431062 667
12 0.463668 0.428537 664
13 0.448344 0.410371 649
14 0.465151 0.430742 675
15 0.45131 0.430946 666
16 0.458725 0.432504 645
17 0.456747 0.431133 662
18 0.45823 0.427355 692
19 0.43648 0.436347 656
20 0.464162 0.422224 658
21 0.443401 0.454904 674
22 0.44785 0.428842 664
23 0.467128 0.426498 668
24 0.47306 0.441839 660
25 0.443895 0.430946 673
26 0.426594 0.439102 662
27 0.464162 0.418888 657
28 0.452299 0.441527 640
29 0.437469 0.43995 658
