Carregando documentos....
2023 documentos carregados com 1311 termos.
Experimento 1
Taxa de mutação de 0.05 e num de pais 2
Geração 1

EXTERNO, INTERNO e N de FEATURES
0 0.271873 0.554086 137
1 0.322788 0.475318 245
2 0.40089 0.446603 375
3 0.420168 0.444691 491
4 0.449333 0.430978 650
5 0.475531 0.427368 760
6 0.486406 0.426314 917
7 0.484429 0.427018 1058
8 0.480969 0.423328 1175
9 0.296589 0.568097 127
PRECISAO DO ENSEMBLE 0.539792
0 0.982047
1 0.98984
2 0.993421
3 0.994469
4 0.995825
5 0.996699
6 0.99977
7 1
8 0.998803
9 0.980857

Geração 2

EXTERNO, INTERNO e N de FEATURES
0 0.453782 0.415871 1017
1 0.484429 0.417577 894
2 0.432032 0.447911 425
3 0.343549 0.47056 262
4 0.48344 0.422332 889
5 0.481463 0.426768 622
6 0.44439 0.434464 600
7 0.391992 0.465297 337
8 0.490361 0.426681 1014
9 0.478992 0.411359 893
PRECISAO DO ENSEMBLE 0.543747
0 0.998245
1 0.998245
2 0.994124
3 0.988432
4 0.999921
5 0.997257
6 0.995856
7 0.991816
8 0.998962
9 0.999393

Geração 3

EXTERNO, INTERNO e N de FEATURES
0 0.48344 0.423831 862
1 0.47652 0.412316 867
2 0.488384 0.435428 876
3 0.485418 0.422352 956
4 0.453782 0.417242 710
5 0.392486 0.434243 462
6 0.431043 0.435834 483
7 0.42264 0.430705 482
8 0.49481 0.426288 763
9 0.464162 0.429221 568
PRECISAO DO ENSEMBLE 0.54869
0 0.999436
1 1
2 0.998529
3 0.998775
4 0.996078
5 0.993185
6 0.994252
7 0.994769
8 0.996122
9 0.99613

Geração 4

EXTERNO, INTERNO e N de FEATURES
0 0.4696 0.426125 834
1 0.47652 0.418264 846
2 0.465645 0.415636 745
3 0.43302 0.416418 708
4 0.47306 0.423632 714
5 0.465151 0.419377 849
6 0.439941 0.434668 540
7 0.475037 0.427136 881
8 0.496787 0.434416 836
9 0.432526 0.441099 506
PRECISAO DO ENSEMBLE 0.558082
0 1
1 0.999288
2 0.998434
3 0.995968
4 0.997841
5 0.997788
6 0.994842
7 0.998902
8 0.997492
9 0.995115

Geração 5

EXTERNO, INTERNO e N de FEATURES
0 0.493821 0.429139 822
1 0.477014 0.432151 844
2 0.479486 0.425804 732
3 0.4261 0.422502 483
4 0.477509 0.415415 733
5 0.478992 0.438057 876
6 0.466634 0.425091 763
7 0.445872 0.421796 678
8 0.504202 0.429473 854
9 0.47306 0.432714 792
PRECISAO DO ENSEMBLE 0.565991
0 0.998217
1 0.996864
2 0.998005
3 0.991445
4 0.996423
5 0.996076
6 0.99594
7 0.995009
8 1
9 0.996412

Geração 6

EXTERNO, INTERNO e N de FEATURES
0 0.47306 0.411488 821
1 0.45477 0.429623 805
2 0.474543 0.430996 719
3 0.468611 0.42327 848
4 0.477509 0.419651 806
5 0.460702 0.423066 769
6 0.511616 0.443768 779
7 0.457242 0.42715 712
8 0.506179 0.428503 764
9 0.490361 0.429967 784
PRECISAO DO ENSEMBLE 0.560554
0 0.998495
1 0.998836
2 0.999225
3 0.999542
4 0.99917
5 0.999397
6 0.999106
7 0.999084
8 0.997176
9 0.999633

Geração 7

EXTERNO, INTERNO e N de FEATURES
0 0.477509 0.420642 762
1 0.470588 0.41873 833
2 0.472071 0.419436 716
3 0.498764 0.435213 720
4 0.465645 0.432994 769
5 0.488384 0.413932 840
6 0.463668 0.425191 756
7 0.492832 0.42527 766
8 0.462679 0.435168 759
9 0.4696 0.423469 803
PRECISAO DO ENSEMBLE 0.563025
0 0.996328
1 0.997828
2 0.996858
3 0.996868
4 0.996377
5 1
6 0.997217
7 0.999395
8 0.997807
9 0.998544

Geração 8

EXTERNO, INTERNO e N de FEATURES
0 0.468611 0.434878 818
1 0.492338 0.430759 752
2 0.482452 0.426699 780
3 0.464162 0.423459 784
4 0.449333 0.422235 719
5 0.492338 0.429153 706
6 0.476026 0.432459 829
7 0.492338 0.420364 708
8 0.484923 0.433392 798
9 0.481463 0.426293 772
PRECISAO DO ENSEMBLE 0.563025
0 0.999861
1 0.998511
2 0.998781
3 0.997293
4 0.997362
5 0.998361
6 0.997795
7 0.999438
8 0.999114
9 0.997473

Geração 9

EXTERNO, INTERNO e N de FEATURES
0 0.482452 0.42712 793
1 0.467622 0.434862 706
2 0.472565 0.413715 804
3 0.465151 0.421447 766
4 0.478003 0.43663 766
5 0.478003 0.432327 806
6 0.474543 0.424181 784
7 0.467128 0.425615 777
8 0.473554 0.422506 721
9 0.45131 0.420461 704
PRECISAO DO ENSEMBLE 0.562531
0 0.998651
1 0.996138
2 0.999197
3 0.999051
4 0.99846
5 0.999093
6 0.999683
7 0.998248
8 0.997214
9 0.997086

Geração 10

EXTERNO, INTERNO e N de FEATURES
0 0.50173 0.431521 780
1 0.452793 0.422483 782
2 0.431043 0.424245 746
3 0.459219 0.428336 771
4 0.495304 0.428496 777
5 0.49481 0.444939 803
6 0.486406 0.445312 789
7 0.459713 0.428693 676
8 0.468611 0.419977 785
9 0.472565 0.429342 715
PRECISAO DO ENSEMBLE 0.565497
0 0.999308
1 1
2 0.99633
3 0.998941
4 0.998608
5 0.998128
6 0.996968
7 0.998918
8 0.999425
9 0.997571

Qualidade, diversidade e fitness por particao
0 0.941424 0.949448 0.979705
1 0.950313 0.956163 0.987788
2 0.955292 0.958841 0.991754
3 0.95649 0.959338 0.992633
4 0.958549 0.96055 0.994327
5 0.960583 0.961553 0.9959
6 0.962745 0.96285 0.997692
7 0.962923 0.962806 0.997761
8 0.961856 0.961802 0.996688
9 0.94053 0.947611 0.978289
10 0.961623 0.962884 0.997128
11 0.961927 0.962738 0.997211
12 0.956225 0.959515 0.992587
13 0.94868 0.955259 0.986474
14 0.964165 0.963063 0.998537
15 0.960443 0.961089 0.995587
16 0.958041 0.960244 0.993906
17 0.953157 0.958132 0.990282
18 0.961669 0.962153 0.996774
19 0.964464 0.963339 0.998835
20 0.963712 0.963431 0.998493
21 0.96325 0.963506 0.998293
22 0.961916 0.962238 0.996945
23 0.963018 0.963056 0.99794
24 0.95903 0.961469 0.995052
25 0.954427 0.958769 0.991269
26 0.95631 0.959487 0.992616
27 0.957098 0.960116 0.993351
28 0.959453 0.96163 0.995355
29 0.958298 0.960332 0.994084
30 0.963391 0.963861 0.99855
31 0.964798 0.963407 0.999043
32 0.961932 0.962306 0.996989
33 0.958111 0.961075 0.994373
34 0.960845 0.961773 0.99615
35 0.959779 0.961456 0.995433
36 0.958069 0.959913 0.993748
37 0.963179 0.962796 0.997889
38 0.960727 0.961838 0.996122
39 0.956664 0.959564 0.99284
40 0.963859 0.962973 0.998332
41 0.961972 0.96188 0.996789
42 0.962989 0.962695 0.997738
43 0.954687 0.958717 0.991377
44 0.960636 0.962141 0.996232
45 0.9608 0.961779 0.99613
46 0.960563 0.961585 0.995906
47 0.959191 0.961339 0.995069
48 0.965206 0.964213 0.999672
49 0.960507 0.961263 0.99571
50 0.960716 0.96244 0.996429
51 0.961634 0.962111 0.996733
52 0.962174 0.96297 0.997458
53 0.963925 0.962088 0.997908
54 0.961957 0.962318 0.997008
55 0.962139 0.963096 0.997505
56 0.962536 0.962021 0.997154
57 0.9621 0.962263 0.997054
58 0.959526 0.961305 0.995224
59 0.963643 0.962977 0.998222
60 0.960082 0.961823 0.99578
61 0.962321 0.962433 0.997256
62 0.961386 0.962245 0.996675
63 0.960709 0.962113 0.996255
64 0.960507 0.961365 0.995763
65 0.965839 0.963992 0.999885
66 0.962522 0.961376 0.996812
67 0.964411 0.963006 0.998635
68 0.960446 0.962357 0.996246
69 0.961795 0.963031 0.997294
70 0.963771 0.962615 0.998101
71 0.961224 0.962226 0.996581
72 0.962843 0.962079 0.997343
73 0.960711 0.960406 0.995371
74 0.960184 0.961812 0.995828
75 0.96132 0.962019 0.996523
76 0.96065 0.961811 0.996068
77 0.963282 0.962724 0.997904
78 0.962182 0.962777 0.997363
79 0.960534 0.961963 0.996087
80 0.962893 0.962481 0.997577
81 0.959761 0.961695 0.995549
82 0.963689 0.962404 0.997949
83 0.963036 0.963498 0.998179
84 0.963275 0.961754 0.997398
85 0.962967 0.962839 0.997801
86 0.963476 0.963872 0.9986
87 0.962152 0.962688 0.997301
88 0.96156 0.962274 0.996779
89 0.960739 0.962392 0.996416
90 0.962558 0.962353 0.997337
91 0.963141 0.962883 0.997914
92 0.958456 0.960913 0.994467
93 0.962043 0.962137 0.996959
94 0.961744 0.961556 0.996503
95 0.960757 0.962002 0.996223
96 0.959589 0.961161 0.995182
97 0.962235 0.962293 0.997139
98 0.962763 0.962652 0.997598
99 0.959624 0.962313 0.995797

Criterio externo do ensemble por geracao
0 0.539792
1 0.543747
2 0.54869
3 0.558082
4 0.565991
5 0.560554
6 0.563025
7 0.563025
8 0.562531
9 0.565497

Ensembles com porcentagem dos melhores
9 0.529906
19 0.543747
29 0.55561
39 0.555116
49 0.54869
59 0.561542
69 0.564508
79 0.5739
89 0.570934
99 0.565497

Experimento 2
Taxa de mutação de 0.05 e num de pais 2
Geração 1

EXTERNO, INTERNO e N de FEATURES
0 0.314385 0.590736 128
1 0.354918 0.463727 283
2 0.399407 0.449849 381
3 0.39743 0.438311 526
4 0.460208 0.430612 646
5 0.485418 0.430927 757
6 0.47998 0.41907 935
7 0.489372 0.431243 1055
8 0.501236 0.425813 1187
9 0.283243 0.581635 108
PRECISAO DO ENSEMBLE 0.550173
0 0.983231
1 0.988055
2 0.991344
3 0.9907
4 0.995148
5 0.997202
6 0.996936
7 0.997744
8 1
9 0.980209

Geração 2

EXTERNO, INTERNO e N de FEATURES
0 0.48344 0.417962 1128
1 0.513594 0.429697 1007
2 0.318339 0.523168 166
3 0.301038 0.518001 175
4 0.439446 0.42455 621
5 0.492832 0.445021 669
6 0.412259 0.433068 470
7 0.339595 0.482826 233
8 0.466634 0.427559 620
9 0.429066 0.43833 529
PRECISAO DO ENSEMBLE 0.550173
0 0.998079
1 0.999965
2 0.985023
3 0.988481
4 0.995101
5 0.997031
6 0.993206
7 0.987876
8 0.995273
9 0.996673

Geração 3

EXTERNO, INTERNO e N de FEATURES
0 0.510133 0.416262 977
1 0.483935 0.418791 1090
2 0.337617 0.501199 252
3 0.480475 0.420885 934
4 0.429066 0.438892 422
5 0.434503 0.437967 424
6 0.499259 0.444876 1003
7 0.495798 0.411378 1041
8 0.450816 0.420906 904
9 0.456747 0.408293 807
PRECISAO DO ENSEMBLE 0.557588
0 1
1 0.998332
2 0.987481
3 0.999014
4 0.992876
5 0.994402
6 0.998917
7 0.998642
8 0.996895
9 0.997185

Geração 4

EXTERNO, INTERNO e N de FEATURES
0 0.459713 0.416462 946
1 0.492338 0.427063 909
2 0.402373 0.450316 409
3 0.429066 0.425335 660
4 0.432032 0.427867 491
5 0.437963 0.420572 586
6 0.425606 0.441486 443
7 0.460208 0.436517 928
8 0.372714 0.453059 344
9 0.453287 0.415482 721
PRECISAO DO ENSEMBLE 0.567968
0 0.999948
1 0.999363
2 0.994215
3 0.998361
4 0.9951
5 0.997041
6 0.99404
7 0.999183
8 0.993707
9 0.996167

Geração 5

EXTERNO, INTERNO e N de FEATURES
0 0.470094 0.428673 924
1 0.499259 0.434253 874
2 0.45131 0.447447 496
3 0.430054 0.437829 487
4 0.424123 0.428989 500
5 0.423628 0.449217 592
6 0.470094 0.434744 469
7 0.472565 0.41141 877
8 0.457736 0.420684 845
9 0.482946 0.437161 518
PRECISAO DO ENSEMBLE 0.579338
0 0.999959
1 0.999762
2 0.994594
3 0.994571
4 0.994476
5 0.995827
6 0.995527
7 0.998518
8 0.997747
9 0.996028

Geração 6

EXTERNO, INTERNO e N de FEATURES
0 0.49481 0.435499 894
1 0.488878 0.420379 851
2 0.434998 0.438978 551
3 0.489372 0.424003 795
4 0.476026 0.421928 856
5 0.420168 0.418977 487
6 0.470094 0.424034 660
7 0.443895 0.440361 465
8 0.430549 0.431599 504
9 0.450816 0.429214 470
PRECISAO DO ENSEMBLE 0.574394
0 0.999594
1 0.998699
2 0.994742
3 0.99872
4 0.999032
5 0.993373
6 0.996712
7 0.99393
8 0.995598
9 0.995097

Geração 7

EXTERNO, INTERNO e N de FEATURES
0 0.500741 0.417559 879
1 0.469105 0.456046 840
2 0.470588 0.450482 641
3 0.45477 0.42542 663
4 0.439446 0.43508 497
5 0.41127 0.437085 491
6 0.422145 0.42944 507
7 0.453287 0.430502 495
8 0.447355 0.418817 641
9 0.438952 0.42642 489
PRECISAO DO ENSEMBLE 0.574889
0 1
1 0.997077
2 0.995518
3 0.996984
4 0.993323
5 0.992794
6 0.994127
7 0.994876
8 0.996281
9 0.995197

Geração 8

EXTERNO, INTERNO e N de FEATURES
0 0.488384 0.420123 866
1 0.474048 0.421158 826
2 0.395452 0.43254 491
3 0.449827 0.439244 532
4 0.410776 0.410812 533
5 0.471577 0.415245 813
6 0.439941 0.424981 545
7 0.47652 0.418457 819
8 0.497776 0.419779 740
9 0.430549 0.435349 615
PRECISAO DO ENSEMBLE 0.56698
0 0.999609
1 0.999147
2 0.993492
3 0.994495
4 0.992852
5 0.997787
6 0.99696
7 0.999633
8 0.996789
9 0.996031

Geração 9

EXTERNO, INTERNO e N de FEATURES
0 0.488878 0.428652 809
1 0.480969 0.417989 833
2 0.470588 0.421828 752
3 0.468117 0.420594 675
4 0.481957 0.423076 730
5 0.405833 0.426647 500
6 0.470588 0.43233 654
7 0.456747 0.424555 707
8 0.498764 0.44583 744
9 0.414236 0.421448 556
PRECISAO DO ENSEMBLE 0.56698
0 1
1 0.998033
2 0.998092
3 0.996133
4 0.998007
5 0.994778
6 0.996855
7 0.996013
8 0.998581
9 0.994913

Geração 10

EXTERNO, INTERNO e N de FEATURES
0 0.478992 0.432021 786
1 0.467622 0.414906 737
2 0.446367 0.413117 684
3 0.423628 0.421926 500
4 0.47306 0.425236 664
5 0.458725 0.439418 644
6 0.492832 0.417211 700
7 0.472071 0.437717 681
8 0.466634 0.425437 796
9 0.478003 0.441812 738
PRECISAO DO ENSEMBLE 0.575383
0 0.999002
1 0.998508
2 0.996711
3 0.993895
4 0.997728
5 0.996193
6 0.997475
7 0.995328
8 0.99782
9 0.99977

Qualidade, diversidade e fitness por particao
0 0.943537 0.950504 0.98259
1 0.949576 0.955588 0.98836
2 0.952999 0.957792 0.991278
3 0.952178 0.957041 0.990463
4 0.958299 0.959615 0.994972
5 0.96018 0.961255 0.996798
6 0.960114 0.960359 0.996299
7 0.964472 0.961529 0.999165
8 0.964946 0.961936 0.999621
9 0.940469 0.948809 0.980121
10 0.961948 0.961516 0.99785
11 0.964668 0.961913 0.999466
12 0.944052 0.950964 0.983096
13 0.94761 0.95506 0.987067
14 0.956437 0.959196 0.993789
15 0.958927 0.960431 0.995721
16 0.953861 0.958672 0.992182
17 0.947498 0.953717 0.986312
18 0.956989 0.959851 0.994416
19 0.958617 0.96079 0.995747
20 0.963184 0.962293 0.998894
21 0.960809 0.96136 0.997179
22 0.947097 0.954433 0.986475
23 0.962347 0.961238 0.997912
24 0.953523 0.958641 0.991991
25 0.955668 0.959235 0.993411
26 0.96193 0.961414 0.997788
27 0.961149 0.961389 0.99737
28 0.960288 0.960416 0.996419
29 0.960118 0.960262 0.996251
30 0.96172 0.961658 0.997805
31 0.963551 0.960153 0.997973
32 0.953569 0.957779 0.991567
33 0.958638 0.960179 0.99544
34 0.954694 0.958955 0.992761
35 0.956861 0.96012 0.994489
36 0.953762 0.957547 0.991547
37 0.961566 0.96066 0.997208
38 0.951945 0.957592 0.990628
39 0.956167 0.958362 0.993216
40 0.963302 0.961617 0.998604
41 0.962766 0.96108 0.998048
42 0.955272 0.95836 0.992752
43 0.956047 0.959126 0.993551
44 0.955501 0.958799 0.993098
45 0.958398 0.959676 0.995055
46 0.955756 0.959496 0.993592
47 0.96107 0.961867 0.997577
48 0.959898 0.960489 0.996255
49 0.957929 0.959303 0.994618
50 0.96429 0.961349 0.998977
51 0.961059 0.961026 0.997135
52 0.955374 0.958978 0.993125
53 0.961598 0.961557 0.99769
54 0.961903 0.961745 0.997946
55 0.954224 0.958354 0.992205
56 0.958111 0.959832 0.994987
57 0.956119 0.958901 0.993471
58 0.956092 0.959285 0.993657
59 0.956572 0.959537 0.994036
60 0.963937 0.962665 0.999477
61 0.960803 0.960212 0.99658
62 0.958096 0.959323 0.994715
63 0.95936 0.961004 0.996243
64 0.954507 0.958042 0.99219
65 0.954207 0.958616 0.992332
66 0.95613 0.958574 0.993307
67 0.956121 0.959055 0.993552
68 0.957918 0.960367 0.995165
69 0.95578 0.960297 0.99402
70 0.963728 0.961365 0.998694
71 0.962437 0.960629 0.997643
72 0.954579 0.958255 0.992338
73 0.956076 0.958882 0.993439
74 0.95382 0.957939 0.99178
75 0.960902 0.96077 0.99692
76 0.959186 0.960412 0.995845
77 0.962717 0.961767 0.998379
78 0.959054 0.960464 0.995804
79 0.958312 0.959663 0.995004
80 0.962784 0.962033 0.998552
81 0.960721 0.961022 0.996958
82 0.960779 0.960776 0.99686
83 0.957742 0.960354 0.995067
84 0.960694 0.96097 0.996917
85 0.955402 0.959904 0.993621
86 0.958995 0.959945 0.995504
87 0.958643 0.959106 0.994886
88 0.961777 0.960931 0.997457
89 0.955736 0.958914 0.99328
90 0.962941 0.961159 0.998179
91 0.961158 0.962139 0.997765
92 0.958642 0.960817 0.995774
93 0.955278 0.95951 0.993352
94 0.960722 0.96082 0.996853
95 0.958938 0.95994 0.995472
96 0.960865 0.960328 0.996672
97 0.958027 0.958818 0.994417
98 0.961552 0.960432 0.997082
99 0.964035 0.961315 0.998827

Criterio externo do ensemble por geracao
0 0.550173
1 0.550173
2 0.557588
3 0.567968
4 0.579338
5 0.574394
6 0.574889
7 0.56698
8 0.56698
9 0.575383

Ensembles com porcentagem dos melhores
9 0.548196
19 0.556105
29 0.559071
39 0.565497
49 0.573406
59 0.567474
69 0.561542
79 0.577855
89 0.568957
99 0.575383

Experimento 3
Taxa de mutação de 0.05 e num de pais 2
Geração 1

EXTERNO, INTERNO e N de FEATURES
0 0.285714 0.560587 122
1 0.340089 0.453641 257
2 0.385566 0.447883 409
3 0.435986 0.443307 555
4 0.472071 0.428844 661
5 0.491844 0.41823 813
6 0.496293 0.42595 940
7 0.492832 0.422348 1068
8 0.518537 0.429961 1182
9 0.299555 0.532703 139
PRECISAO DO ENSEMBLE 0.539298
0 0.983908
1 0.98742
2 0.99167
3 0.994473
4 0.995486
5 0.998468
6 0.997882
7 0.999294
8 0.999543
9 0.984272

Geração 2

EXTERNO, INTERNO e N de FEATURES
0 0.502719 0.420698 1114
1 0.456747 0.431616 1029
2 0.351458 0.458046 267
3 0.349481 0.475571 205
4 0.467622 0.412997 936
5 0.475037 0.408396 893
6 0.337123 0.474585 251
7 0.394958 0.450311 366
8 0.461691 0.436387 973
9 0.49481 0.419455 845
PRECISAO DO ENSEMBLE 0.555116
0 0.999528
1 0.999992
2 0.987738
3 0.98797
4 0.997891
5 0.998087
6 0.986214
7 0.991886
8 0.998176
9 0.997933

Geração 3

EXTERNO, INTERNO e N de FEATURES
0 0.472071 0.435903 989
1 0.47998 0.436983 1067
2 0.500741 0.428692 1004
3 0.455759 0.453159 934
4 0.481957 0.42994 1020
5 0.478497 0.438866 945
6 0.448838 0.422774 800
7 0.496787 0.431505 919
8 0.480969 0.427658 938
9 0.50173 0.422694 1007
PRECISAO DO ENSEMBLE 0.542758
0 0.999005
1 0.997193
2 0.999872
3 0.997664
4 0.996965
5 0.998259
6 0.993674
7 0.998139
8 0.998045
9 0.999298

Geração 4

EXTERNO, INTERNO e N de FEATURES
0 0.51656 0.434814 982
1 0.487395 0.426726 978
2 0.462679 0.410991 996
3 0.489372 0.427272 985
4 0.47652 0.423647 962
5 0.443401 0.41653 909
6 0.491844 0.424995 939
7 0.484923 0.419458 930
8 0.4696 0.414231 883
9 0.493327 0.430456 942
PRECISAO DO ENSEMBLE 0.550173
0 0.99774
1 0.998767
2 0.997051
3 0.997894
4 0.998191
5 0.995104
6 1
7 0.99798
8 0.997332
9 0.998895

Geração 5

EXTERNO, INTERNO e N de FEATURES
0 0.443895 0.434936 918
1 0.500741 0.441813 909
2 0.503213 0.432326 894
3 0.512111 0.423623 981
4 0.49827 0.427866 908
5 0.462185 0.416836 955
6 0.48344 0.417062 896
7 0.460702 0.414145 902
8 0.486901 0.440337 972
9 0.495304 0.424744 961
PRECISAO DO ENSEMBLE 0.546218
0 0.996581
1 0.999663
2 0.997252
3 0.998719
4 1
5 0.997273
6 0.997378
7 0.99618
8 0.996865
9 0.999162

Geração 6

EXTERNO, INTERNO e N de FEATURES
0 0.487395 0.438609 878
1 0.482946 0.44034 882
2 0.484923 0.422797 932
3 0.477014 0.428586 878
4 0.493821 0.429502 921
5 0.486406 0.423756 885
6 0.475531 0.434242 891
7 0.47998 0.418666 928
8 0.511122 0.432368 958
9 0.497776 0.430279 946
PRECISAO DO ENSEMBLE 0.543747
0 0.999129
1 0.997608
2 0.997053
3 0.99737
4 0.996451
5 0.999416
6 0.997659
7 0.998261
8 1
9 0.997194

Geração 7

EXTERNO, INTERNO e N de FEATURES
0 0.50173 0.420341 921
1 0.466634 0.446756 864
2 0.472071 0.429221 910
3 0.486901 0.42774 921
4 0.497776 0.429011 867
5 0.506179 0.431694 928
6 0.482452 0.428816 930
7 0.496787 0.42024 855
8 0.479486 0.428095 856
9 0.484923 0.428719 903
PRECISAO DO ENSEMBLE 0.546713
0 0.9991
1 0.99906
2 0.99587
3 0.998448
4 0.999882
5 0.998309
6 0.997244
7 0.997664
8 0.998693
9 0.997222

Geração 8

EXTERNO, INTERNO e N de FEATURES
0 0.465151 0.414092 835
1 0.481957 0.430909 885
2 0.501236 0.429762 903
3 0.496293 0.435249 877
4 0.454276 0.428846 827
5 0.468611 0.42555 893
6 0.473554 0.431666 847
7 0.499753 0.420125 856
8 0.464656 0.448525 834
9 0.479486 0.425415 851
PRECISAO DO ENSEMBLE 0.55561
0 0.999197
1 0.99827
2 0.999238
3 0.999074
4 0.997647
5 0.998959
6 1
7 0.998011
8 0.997484
9 0.997849

Geração 9

EXTERNO, INTERNO e N de FEATURES
0 0.491844 0.428688 837
1 0.477509 0.433599 879
2 0.497281 0.431392 878
3 0.497281 0.424636 836
4 0.468611 0.424697 851
5 0.468117 0.430426 825
6 0.492832 0.425162 817
7 0.491844 0.442152 835
8 0.500247 0.427698 871
9 0.462679 0.439959 867
PRECISAO DO ENSEMBLE 0.554622
0 0.99892
1 0.996569
2 0.999091
3 0.998577
4 0.996624
5 0.997688
6 0.997782
7 0.999847
8 0.997851
9 0.996427

Geração 10

EXTERNO, INTERNO e N de FEATURES
0 0.493327 0.425082 821
1 0.495798 0.413488 857
2 0.511616 0.422355 818
3 0.472565 0.436621 850
4 0.487395 0.439478 827
5 0.496787 0.432911 851
6 0.509145 0.446137 837
7 0.485912 0.433617 824
8 0.499259 0.427319 793
9 0.487889 0.41243 873
PRECISAO DO ENSEMBLE 0.551656
0 0.999581
1 0.99834
2 0.999947
3 0.997352
4 0.999448
5 0.997231
6 0.998616
7 0.998769
8 0.998272
9 0.996891

Qualidade, diversidade e fitness por particao
0 0.943157 0.952251 0.982026
1 0.946627 0.955136 0.985319
2 0.953075 0.95918 0.990755
3 0.955652 0.960948 0.993006
4 0.959471 0.962039 0.995549
5 0.960305 0.963067 0.996514
6 0.959772 0.963868 0.996654
7 0.963478 0.964721 0.999015
8 0.962898 0.963572 0.998119
9 0.94338 0.952292 0.982163
10 0.963089 0.963461 0.998161
11 0.962339 0.963801 0.997948
12 0.946877 0.954625 0.985184
13 0.94701 0.955309 0.985607
14 0.961005 0.963089 0.996889
15 0.959352 0.962913 0.995941
16 0.945451 0.953529 0.983877
17 0.951754 0.958343 0.989636
18 0.963228 0.962292 0.997627
19 0.960311 0.96333 0.996654
20 0.962771 0.963628 0.998083
21 0.962337 0.962714 0.997384
22 0.963673 0.963671 0.998573
23 0.960474 0.962006 0.996052
24 0.960726 0.962168 0.996267
25 0.961646 0.963256 0.997307
26 0.958567 0.960302 0.994181
27 0.962326 0.963234 0.997648
28 0.960453 0.963497 0.996814
29 0.964611 0.964759 0.999622
30 0.962242 0.962936 0.99745
31 0.961594 0.962988 0.997141
32 0.96026 0.963513 0.996722
33 0.962254 0.962779 0.997375
34 0.961507 0.963132 0.997171
35 0.958065 0.961812 0.994704
36 0.963891 0.964252 0.998986
37 0.960772 0.962936 0.996688
38 0.960909 0.962156 0.996355
39 0.961179 0.962632 0.996741
40 0.96013 0.962307 0.99603
41 0.964956 0.964639 0.999738
42 0.961127 0.963326 0.997074
43 0.962229 0.964531 0.998269
44 0.965123 0.964412 0.999707
45 0.961988 0.962654 0.997172
46 0.961002 0.963266 0.996979
47 0.959626 0.962397 0.995815
48 0.962319 0.962031 0.997021
49 0.963275 0.964427 0.998758
50 0.963525 0.963238 0.998271
51 0.963062 0.962314 0.997552
52 0.960875 0.962529 0.996531
53 0.962154 0.962614 0.997238
54 0.958637 0.962541 0.995378
55 0.963221 0.963979 0.998498
56 0.961046 0.962743 0.99673
57 0.96094 0.964067 0.997361
58 0.964138 0.964634 0.999312
59 0.960872 0.963083 0.996817
60 0.962471 0.963962 0.998101
61 0.963736 0.962981 0.998247
62 0.959263 0.962108 0.995477
63 0.963567 0.963746 0.998556
64 0.963858 0.964613 0.999156
65 0.962247 0.963308 0.997645
66 0.960987 0.963684 0.997187
67 0.961491 0.963661 0.997437
68 0.961678 0.96355 0.997476
69 0.961198 0.962439 0.996652
70 0.961656 0.96395 0.997672
71 0.960639 0.9625 0.996393
72 0.962103 0.963057 0.997441
73 0.961562 0.963725 0.997507
74 0.959441 0.961516 0.995263
75 0.960546 0.963873 0.997056
76 0.962892 0.964004 0.99834
77 0.960168 0.963163 0.996493
78 0.95935 0.961874 0.995401
79 0.960379 0.962409 0.996212
80 0.962673 0.963413 0.99792
81 0.959881 0.962452 0.995976
82 0.961956 0.964507 0.998116
83 0.961712 0.963918 0.997684
84 0.959459 0.962113 0.995582
85 0.961567 0.962318 0.99678
86 0.961072 0.963655 0.997216
87 0.963936 0.964378 0.999075
88 0.961137 0.96352 0.99718
89 0.95965 0.962209 0.99573
90 0.963057 0.964251 0.998553
91 0.961899 0.964032 0.99784
92 0.963864 0.964977 0.999348
93 0.960747 0.96277 0.996589
94 0.962811 0.963922 0.998256
95 0.960622 0.962807 0.996544
96 0.962813 0.963201 0.997883
97 0.96203 0.963813 0.997794
98 0.961835 0.963822 0.997698
99 0.959809 0.963205 0.996329

Criterio externo do ensemble por geracao
0 0.539298
1 0.555116
2 0.542758
3 0.550173
4 0.546218
5 0.543747
6 0.546713
7 0.55561
8 0.554622
9 0.551656

Ensembles com porcentagem dos melhores
9 0.532872
19 0.536826
29 0.539792
39 0.546218
49 0.559565
59 0.537815
69 0.557588
79 0.550173
89 0.546218
99 0.551656
