Carregando documentos....
2023 documentos carregados com 1311 termos.
Taxa de mutação de 0.05 e num de pais 5
Geração 1

EXTERNO, INTERNO e N de FEATURES
0 0.275334 0.56248 137
1 0.35047 0.480191 245
2 0.390509 0.433798 375
3 0.448838 0.456772 491
4 0.426594 0.425771 650
5 0.485418 0.419776 760
6 0.492832 0.430067 917
7 0.497281 0.413149 1058
8 0.474048 0.407428 1175
9 0.302027 0.559888 127
10 0.35047 0.480321 241
11 0.410776 0.435084 410
12 0.460702 0.427897 504
13 0.460702 0.423001 613
14 0.475531 0.423632 803
15 0.470588 0.422421 897
16 0.485912 0.420804 1058
17 0.474543 0.413442 1183
18 0.296095 0.572157 123
19 0.348987 0.481829 251
20 0.403856 0.434844 401
21 0.455759 0.447296 476
22 0.43302 0.409116 685
23 0.456747 0.418471 756
24 0.481957 0.424844 923
25 0.474048 0.410289 1053
26 0.50173 0.423934 1189
27 0.320316 0.527698 155
28 0.32872 0.469283 255
29 0.386555 0.433107 392
PRECISAO DO ENSEMBLE 0.556105
0 0.237461
1 0.424854
2 0.523897
3 0.70526
4 0.73818
5 0.837156
6 0.846322
7 0.90928
8 0.926757
9 0.3118
10 0.393813
11 0.575122
12 0.695197
13 0.773792
14 0.785329
15 0.853327
16 0.94238
17 0.831961
18 0.257228
19 0.410165
20 0.586229
21 0.728151
22 0.707985
23 0.718251
24 0.881656
25 0.902275
26 0.999487
27 0.312554
28 0.387381
29 0.494806

Geração 2

EXTERNO, INTERNO e N de FEATURES
0 0.510628 0.428456 1150
1 0.481957 0.415244 1028
2 0.47652 0.421512 1122
3 0.513594 0.428904 1029
4 0.450321 0.422576 684
5 0.505685 0.424684 821
6 0.487395 0.42274 798
7 0.457736 0.431675 815
8 0.427583 0.433767 493
9 0.419179 0.427658 584
10 0.439941 0.433972 564
11 0.377163 0.446843 366
12 0.426594 0.435558 575
13 0.426594 0.440492 475
14 0.374197 0.455118 319
15 0.464656 0.411132 890
16 0.411765 0.437275 523
17 0.342066 0.477922 271
18 0.383094 0.460741 424
19 0.440435 0.42903 581
20 0.430549 0.421069 578
21 0.486901 0.420301 1003
22 0.493327 0.418487 1126
23 0.434998 0.429286 695
24 0.414731 0.435736 567
25 0.394464 0.454677 374
26 0.428077 0.444488 545
27 0.495798 0.430291 1066
28 0.487889 0.419353 1095
29 0.398913 0.46014 383
PRECISAO DO ENSEMBLE 0.548196
0 1
1 0.798286
2 0.928453
3 0.769084
4 0.591795
5 0.767904
6 0.729381
7 0.743602
8 0.569118
9 0.664005
10 0.654403
11 0.479594
12 0.623593
13 0.635454
14 0.501278
15 0.69086
16 0.573855
17 0.374245
18 0.548833
19 0.647111
20 0.610849
21 0.828192
22 0.896242
23 0.695992
24 0.666911
25 0.549174
26 0.682547
27 0.90045
28 0.904176
29 0.522074

Geração 3

EXTERNO, INTERNO e N de FEATURES
0 0.531883 0.421569 1103
1 0.486901 0.418363 985
2 0.437469 0.433031 554
3 0.385072 0.445687 395
4 0.461691 0.437727 581
5 0.482452 0.415029 1060
6 0.485912 0.427447 1034
7 0.441424 0.436878 698
8 0.434503 0.408666 734
9 0.486406 0.411312 995
10 0.487395 0.432373 1074
11 0.470094 0.430552 649
12 0.511122 0.430617 909
13 0.416708 0.443267 501
14 0.439941 0.445037 644
15 0.500741 0.432436 1103
16 0.507662 0.429915 858
17 0.491844 0.418313 1085
18 0.478992 0.431697 1087
19 0.466139 0.425171 781
20 0.486901 0.419975 891
21 0.468611 0.417932 1022
22 0.49481 0.414665 1053
23 0.492832 0.435899 1076
24 0.502719 0.41996 1011
25 0.469105 0.422211 1033
26 0.490361 0.417147 1030
27 0.502719 0.429013 1068
28 0.474048 0.414198 1044
29 0.498764 0.421944 967
PRECISAO DO ENSEMBLE 0.559565
0 0.95424
1 0.856152
2 0.677974
3 0.573484
4 0.661105
5 0.877407
6 0.99251
7 0.799592
8 0.732824
9 0.830817
10 0.971165
11 0.674164
12 0.766827
13 0.624664
14 0.726248
15 0.980485
16 0.840549
17 0.909619
18 0.959025
19 0.858343
20 0.789229
21 0.840294
22 0.813236
23 0.942157
24 0.961171
25 0.83206
26 0.810351
27 0.971024
28 0.831426
29 0.860251

Geração 4

EXTERNO, INTERNO e N de FEATURES
0 0.478497 0.415932 990
1 0.441918 0.433164 639
2 0.497281 0.426866 961
3 0.515571 0.417048 976
4 0.497281 0.430936 998
5 0.47652 0.426146 852
6 0.446861 0.426075 725
7 0.442412 0.460122 529
8 0.503707 0.436523 1029
9 0.496787 0.425694 1060
10 0.502224 0.439641 1033
11 0.478497 0.422835 970
12 0.467128 0.419408 974
13 0.47998 0.427872 1014
14 0.512111 0.425119 1070
15 0.407316 0.432729 472
16 0.495798 0.427263 1013
17 0.504696 0.430829 771
18 0.443401 0.413818 780
19 0.518043 0.449707 1044
20 0.507662 0.415386 1039
21 0.481957 0.420177 996
22 0.487395 0.406596 983
23 0.47652 0.427007 939
24 0.426594 0.425083 650
25 0.487395 0.420474 887
26 0.492832 0.431234 1023
27 0.491844 0.423541 945
28 0.461196 0.429868 795
29 0.490855 0.425134 1035
PRECISAO DO ENSEMBLE 0.562531
0 0.866542
1 0.702997
2 0.878777
3 0.837567
4 0.947678
5 0.702582
6 0.75118
7 0.63718
8 0.922135
9 0.880679
10 0.921807
11 0.798818
12 0.84313
13 0.948386
14 0.868041
15 0.589975
16 0.851023
17 0.813327
18 0.753103
19 0.968087
20 0.869408
21 0.850305
22 0.806756
23 0.825274
24 0.622288
25 0.778581
26 0.86901
27 0.935003
28 0.861584
29 1

Geração 5

EXTERNO, INTERNO e N de FEATURES
0 0.491349 0.423885 996
1 0.474543 0.433294 1002
2 0.474543 0.41631 985
3 0.52348 0.41955 964
4 0.423134 0.412411 654
5 0.465645 0.432435 696
6 0.502719 0.427044 938
7 0.511122 0.437751 979
8 0.482946 0.416293 976
9 0.455759 0.414615 976
10 0.497281 0.423991 1008
11 0.47652 0.43236 951
12 0.475531 0.415975 931
13 0.48344 0.421525 870
14 0.474048 0.428048 806
15 0.438458 0.420112 770
16 0.503707 0.429738 965
17 0.504696 0.427266 1031
18 0.492832 0.42827 1015
19 0.474543 0.425274 875
20 0.4696 0.420829 733
21 0.480475 0.425945 964
22 0.503707 0.417175 925
23 0.471083 0.427092 765
24 0.470588 0.420535 967
25 0.45477 0.434492 549
26 0.489867 0.437157 985
27 0.493821 0.440056 873
28 0.462185 0.43307 643
29 0.461691 0.425191 666
PRECISAO DO ENSEMBLE 0.56698
0 0.991635
1 0.993121
2 0.978461
3 0.808331
4 0.741664
5 0.789492
6 0.9951
7 0.982542
8 0.923408
9 0.801245
10 0.911058
11 0.873239
12 0.79542
13 0.828069
14 0.877725
15 0.761586
16 0.999314
17 0.964854
18 0.965197
19 0.786145
20 0.809163
21 0.946676
22 0.820008
23 0.812469
24 0.894056
25 0.779805
26 0.951186
27 0.928607
28 0.763516
29 0.840274

Geração 6

EXTERNO, INTERNO e N de FEATURES
0 0.491349 0.421897 947
1 0.47652 0.425909 901
2 0.497776 0.424849 973
3 0.456253 0.431112 951
4 0.427583 0.416384 661
5 0.462185 0.407468 926
6 0.513099 0.429788 964
7 0.498764 0.414541 971
8 0.490855 0.419301 958
9 0.486901 0.423366 927
10 0.452793 0.419878 704
11 0.492338 0.423266 799
12 0.450816 0.407446 775
13 0.490361 0.419782 981
14 0.493327 0.426731 930
15 0.485418 0.418233 948
16 0.501236 0.430473 949
17 0.50173 0.418098 980
18 0.478497 0.427713 891
19 0.489867 0.426561 940
20 0.468611 0.416469 948
21 0.462679 0.418483 864
22 0.434009 0.425399 711
23 0.493327 0.420629 963
24 0.480475 0.432122 909
25 0.453287 0.41721 942
26 0.509639 0.435877 962
27 0.48344 0.430443 901
28 0.497281 0.429589 903
29 0.434009 0.408972 662
PRECISAO DO ENSEMBLE 0.569451
0 0.799304
1 0.818906
2 0.941097
3 0.91677
4 0.744995
5 0.759929
6 0.959971
7 0.903943
8 0.86168
9 0.913186
10 0.700566
11 0.851873
12 0.746944
13 0.941978
14 0.861873
15 1
16 0.908306
17 0.916375
18 0.881438
19 0.879194
20 0.858586
21 0.841611
22 0.778363
23 0.822489
24 0.967034
25 0.85348
26 0.904725
27 0.747897
28 0.925862
29 0.704045

Geração 7

EXTERNO, INTERNO e N de FEATURES
0 0.455264 0.42319 919
1 0.494315 0.420858 935
2 0.477014 0.430112 924
3 0.47998 0.423285 760
4 0.479486 0.417972 936
5 0.493327 0.423994 907
6 0.513099 0.434244 950
7 0.508156 0.433248 926
8 0.458725 0.429656 705
9 0.492832 0.412051 888
10 0.445872 0.427842 689
11 0.443895 0.426283 641
12 0.449827 0.414948 818
13 0.49827 0.430037 933
14 0.465645 0.424333 891
15 0.414731 0.410532 639
16 0.485418 0.415085 937
17 0.47998 0.42528 824
18 0.459219 0.418553 779
19 0.472565 0.425344 921
20 0.473554 0.424768 922
21 0.496293 0.449213 938
22 0.49827 0.416245 927
23 0.484923 0.426541 931
24 0.49827 0.432031 961
25 0.451804 0.407623 799
26 0.513594 0.42319 835
27 0.428077 0.424415 656
28 0.484429 0.40976 928
29 0.449827 0.431038 716
PRECISAO DO ENSEMBLE 0.571923
0 0.903412
1 0.995474
2 0.907282
3 0.771945
4 0.823615
5 0.867315
6 0.961855
7 0.977833
8 0.807129
9 0.837146
10 0.764275
11 0.742159
12 0.784717
13 0.903619
14 0.866515
15 0.7309
16 0.930947
17 0.91148
18 0.801386
19 0.905422
20 0.88212
21 0.893278
22 0.947388
23 0.896361
24 0.988016
25 0.809274
26 0.878631
27 0.713735
28 0.945891
29 0.880821

Geração 8

EXTERNO, INTERNO e N de FEATURES
0 0.478497 0.422195 907
1 0.471083 0.420845 901
2 0.482452 0.444616 910
3 0.506179 0.419547 891
4 0.462185 0.420809 903
5 0.490855 0.423554 902
6 0.487889 0.41485 906
7 0.510133 0.43611 919
8 0.45823 0.418628 854
9 0.496787 0.435014 887
10 0.462185 0.425135 898
11 0.443401 0.422951 789
12 0.443895 0.424874 746
13 0.474543 0.422712 894
14 0.49827 0.441647 868
15 0.495304 0.425592 884
16 0.470094 0.419684 892
17 0.481463 0.4203 898
18 0.479486 0.426236 883
19 0.453782 0.418558 880
20 0.500741 0.424761 900
21 0.478497 0.432896 812
22 0.457242 0.420003 727
23 0.492832 0.426623 887
24 0.485912 0.441119 895
25 0.412753 0.420845 711
26 0.519031 0.439714 885
27 0.486406 0.432701 918
28 0.494315 0.435347 889
29 0.450321 0.426761 821
PRECISAO DO ENSEMBLE 0.574394
0 0.949053
1 0.876146
2 0.926536
3 0.790435
4 0.896326
5 0.946425
6 0.890062
7 0.933093
8 0.793588
9 0.970881
10 0.891977
11 0.925151
12 0.767028
13 0.928303
14 0.955736
15 0.985199
16 0.917822
17 0.959016
18 0.980037
19 0.812268
20 0.85623
21 0.908201
22 0.839384
23 0.967514
24 0.997979
25 0.728634
26 0.81784
27 0.933384
28 0.988722
29 0.777918

Geração 9

EXTERNO, INTERNO e N de FEATURES
0 0.4696 0.42094 878
1 0.491349 0.41619 900
2 0.486901 0.430106 857
3 0.491349 0.419159 885
4 0.487889 0.427469 864
5 0.480969 0.411885 871
6 0.44785 0.427794 896
7 0.493821 0.429453 868
8 0.475037 0.41651 886
9 0.485418 0.420508 870
10 0.476026 0.429112 879
11 0.461691 0.421833 884
12 0.47652 0.418228 879
13 0.519525 0.41887 867
14 0.486901 0.418311 880
15 0.471083 0.424505 867
16 0.470094 0.414303 868
17 0.466139 0.437356 862
18 0.480969 0.41605 892
19 0.492832 0.422196 875
20 0.481463 0.428716 888
21 0.484923 0.423525 888
22 0.492832 0.424719 884
23 0.502719 0.425782 873
24 0.441918 0.41771 878
25 0.478003 0.427628 868
26 0.492338 0.430255 882
27 0.508156 0.451015 863
28 0.471577 0.412844 877
29 0.502719 0.436425 871
PRECISAO DO ENSEMBLE 0.56698
0 0.849569
1 0.961895
2 0.950532
3 0.931936
4 0.872701
5 0.830477
6 0.861724
7 0.862389
8 0.89374
9 0.854228
10 0.901524
11 0.89817
12 0.957583
13 0.999146
14 0.850634
15 0.883766
16 0.890126
17 0.862045
18 0.892177
19 0.933507
20 0.895868
21 0.924615
22 0.913551
23 0.874867
24 0.884207
25 0.91603
26 0.926675
27 0.94572
28 0.804713
29 0.872248

Geração 10

EXTERNO, INTERNO e N de FEATURES
0 0.513594 0.431638 843
1 0.480969 0.426036 879
2 0.475531 0.419784 858
3 0.490361 0.417171 881
4 0.510628 0.439243 850
5 0.467128 0.422226 838
6 0.471577 0.424001 864
7 0.472071 0.432383 837
8 0.467128 0.42789 860
9 0.459219 0.419496 835
10 0.474543 0.427777 861
11 0.47652 0.423622 846
12 0.464656 0.445454 856
13 0.481463 0.42468 836
14 0.504696 0.428614 869
15 0.478992 0.42638 866
16 0.456747 0.426108 850
17 0.45823 0.424923 858
18 0.481463 0.44829 864
19 0.478497 0.421392 876
20 0.468117 0.437238 860
21 0.487889 0.415968 851
22 0.476026 0.419881 847
23 0.461196 0.434923 841
24 0.47306 0.430641 852
25 0.479486 0.423898 837
26 0.481957 0.424212 855
27 0.4696 0.424147 845
28 0.477509 0.432788 825
29 0.481463 0.429535 866
