Carregando documentos....
2023 documentos carregados com 1311 termos.
Taxa de mutação de 0.05 e num de pais 5
Geração 1

EXTERNO, INTERNO e N de FEATURES
0 0.275334 0.56248 137
1 0.35047 0.480191 245
2 0.390509 0.433798 375
3 0.448838 0.456772 491
4 0.426594 0.425771 650
5 0.485418 0.419776 760
6 0.492832 0.430067 917
7 0.497281 0.413149 1058
8 0.474048 0.407428 1175
9 0.302027 0.559888 127
10 0.35047 0.480321 241
11 0.410776 0.435084 410
12 0.460702 0.427897 504
13 0.460702 0.423001 613
14 0.475531 0.423632 803
15 0.470588 0.422421 897
16 0.485912 0.420804 1058
17 0.474543 0.413442 1183
18 0.296095 0.572157 123
19 0.348987 0.481829 251
20 0.403856 0.434844 401
21 0.455759 0.447296 476
22 0.43302 0.409116 685
23 0.456747 0.418471 756
24 0.481957 0.424844 923
25 0.474048 0.410289 1053
26 0.50173 0.423934 1189
27 0.320316 0.527698 155
28 0.32872 0.469283 255
29 0.386555 0.433107 392
PRECISAO DO ENSEMBLE 0.556105
0 0.310256
1 0.503576
2 0.602197
3 0.788555
4 0.818279
5 0.875992
6 0.906948
7 0.943763
8 0.981689
9 0.361586
10 0.508691
11 0.660655
12 0.767582
13 0.822418
14 0.849039
15 0.90388
16 0.966656
17 0.869654
18 0.310938
19 0.498914
20 0.659258
21 0.812836
22 0.783845
23 0.776129
24 0.911195
25 0.92149
26 0.997948
27 0.377357
28 0.458086
29 0.588634

Geração 2

EXTERNO, INTERNO e N de FEATURES
0 0.510628 0.428456 1150
1 0.487889 0.426145 1133
2 0.459713 0.413559 876
3 0.513594 0.428904 1029
4 0.450321 0.422576 684
5 0.465151 0.448175 687
6 0.464162 0.433474 694
7 0.417202 0.430488 642
8 0.420168 0.439252 412
9 0.382106 0.460921 351
10 0.425111 0.464461 434
11 0.341572 0.465796 286
12 0.333663 0.449696 286
13 0.430549 0.430295 517
14 0.438458 0.447938 501
15 0.462679 0.413808 890
16 0.412753 0.439932 523
17 0.337123 0.471073 271
18 0.394464 0.447387 424
19 0.466634 0.433069 702
20 0.487395 0.431737 721
21 0.497776 0.429054 1119
22 0.47652 0.417989 1125
23 0.492338 0.416751 857
24 0.428571 0.448028 457
25 0.449827 0.4395 573
26 0.475531 0.415449 812
27 0.495798 0.430291 1066
28 0.487889 0.419353 1095
29 0.398913 0.46014 383
PRECISAO DO ENSEMBLE 0.553139
0 1
1 0.982713
2 0.851518
3 0.833829
4 0.691893
5 0.823994
6 0.843742
7 0.699791
8 0.625466
9 0.639566
10 0.713106
11 0.519712
12 0.520226
13 0.710833
14 0.761334
15 0.823157
16 0.699514
17 0.513989
18 0.691491
19 0.840315
20 0.810214
21 0.95972
22 0.959267
23 0.814793
24 0.603696
25 0.827169
26 0.798693
27 0.932185
28 0.915821
29 0.648749

Geração 3

EXTERNO, INTERNO e N de FEATURES
0 0.531883 0.421569 1103
1 0.500247 0.422493 1097
2 0.471577 0.449975 697
3 0.462679 0.413236 699
4 0.450816 0.425017 838
5 0.483935 0.427755 818
6 0.51656 0.426241 1039
7 0.485912 0.42141 1086
8 0.466634 0.420541 1086
9 0.40089 0.447229 406
10 0.474543 0.431659 990
11 0.463668 0.425359 839
12 0.474543 0.415799 976
13 0.48344 0.429512 1038
14 0.474048 0.433497 747
15 0.491844 0.423441 1037
16 0.453287 0.446034 609
17 0.497776 0.431801 1074
18 0.495304 0.411433 1011
19 0.477014 0.421954 813
20 0.474048 0.429469 869
21 0.467128 0.431968 876
22 0.464656 0.431634 749
23 0.518043 0.424431 1101
24 0.477014 0.421644 1096
25 0.464656 0.429474 830
26 0.490855 0.415625 777
27 0.47652 0.432888 884
28 0.489372 0.418785 1096
29 0.468611 0.430806 873
PRECISAO DO ENSEMBLE 0.561542
0 0.944808
1 0.929427
2 0.823576
3 0.790395
4 0.807066
5 0.833655
6 0.837208
7 0.995999
8 0.877532
9 0.57058
10 0.926253
11 0.834734
12 0.818103
13 0.941355
14 0.897045
15 0.938385
16 0.75798
17 0.936942
18 0.899737
19 0.824647
20 0.89494
21 0.88838
22 0.836119
23 0.981617
24 0.948454
25 0.853195
26 0.807253
27 0.846594
28 0.902938
29 0.895433

Geração 4

EXTERNO, INTERNO e N de FEATURES
0 0.457736 0.421708 1049
1 0.452793 0.431053 758
2 0.486901 0.416364 749
3 0.499753 0.421259 1066
4 0.44785 0.413325 825
5 0.485418 0.423214 740
6 0.461196 0.419911 828
7 0.44785 0.419003 827
8 0.450816 0.418725 1028
9 0.495304 0.431102 733
10 0.442412 0.438995 428
11 0.481463 0.42776 850
12 0.495798 0.422525 968
13 0.493821 0.419772 943
14 0.448838 0.417748 809
15 0.460208 0.422941 852
16 0.486406 0.440222 717
17 0.488878 0.427377 978
18 0.478003 0.422538 1045
19 0.486406 0.41271 926
20 0.452299 0.411489 832
21 0.477509 0.422813 801
22 0.509639 0.431681 1036
23 0.511122 0.427326 941
24 0.445378 0.412911 808
25 0.52348 0.425637 1049
26 0.437963 0.421675 712
27 0.499259 0.44974 948
28 0.449333 0.430604 827
29 0.457736 0.430975 748
PRECISAO DO ENSEMBLE 0.566485
0 0.846153
1 0.877225
2 0.934694
3 0.930748
4 0.79158
5 0.838651
6 0.857083
7 0.845064
8 0.867104
9 0.889337
10 0.541185
11 0.882939
12 0.844095
13 0.89268
14 0.830027
15 0.848759
16 0.866889
17 0.857506
18 0.967398
19 0.937562
20 0.895196
21 0.761302
22 1
23 0.889402
24 0.77644
25 0.911599
26 0.825416
27 0.785059
28 0.82862
29 0.883734

Geração 5

EXTERNO, INTERNO e N de FEATURES
0 0.490855 0.431701 995
1 0.475531 0.42826 1015
2 0.514088 0.425629 1020
3 0.48344 0.422704 740
4 0.478497 0.424145 733
5 0.451804 0.420063 750
6 0.452793 0.417989 756
7 0.464656 0.419841 731
8 0.492832 0.423612 712
9 0.443401 0.428927 751
10 0.473554 0.412351 806
11 0.454276 0.429928 744
12 0.437963 0.415462 751
13 0.463174 0.418338 884
14 0.515571 0.431414 857
15 0.496787 0.436623 873
16 0.488878 0.419651 858
17 0.499753 0.421169 965
18 0.472071 0.44296 849
19 0.462185 0.416217 732
20 0.486406 0.429528 813
21 0.493821 0.421515 1013
22 0.491844 0.418409 887
23 0.495304 0.434304 970
24 0.476026 0.425072 865
25 0.465151 0.431793 741
26 0.50173 0.421682 831
27 0.485418 0.421982 840
28 0.477014 0.416846 701
29 0.478992 0.423206 736
PRECISAO DO ENSEMBLE 0.565497
0 0.965761
1 0.938763
2 0.941292
3 0.957586
4 0.987804
5 0.939611
6 0.97413
7 0.893573
8 0.844532
9 0.879785
10 0.871487
11 0.939205
12 0.872918
13 0.865845
14 0.949243
15 0.945667
16 0.929604
17 0.925937
18 0.858237
19 0.861022
20 0.89122
21 0.968047
22 0.931467
23 0.959357
24 0.918277
25 0.953004
26 0.85828
27 0.901495
28 0.847669
29 0.88019

Geração 6

EXTERNO, INTERNO e N de FEATURES
0 0.43302 0.421145 717
1 0.432032 0.435137 745
2 0.448838 0.420318 711
3 0.482946 0.421345 938
4 0.428571 0.431651 731
5 0.467622 0.429652 903
6 0.489372 0.425009 813
7 0.465645 0.419251 869
8 0.478992 0.432146 847
9 0.472565 0.426352 740
10 0.448838 0.428366 991
11 0.477509 0.437751 728
12 0.475531 0.427938 751
13 0.477509 0.438181 753
14 0.478497 0.414664 983
15 0.481463 0.426357 761
16 0.468611 0.418605 934
17 0.461196 0.417269 729
18 0.486901 0.424882 981
19 0.466634 0.427628 901
20 0.451804 0.420928 791
21 0.45131 0.416776 876
22 0.460208 0.441354 854
23 0.474543 0.423984 944
24 0.434998 0.414025 742
25 0.50173 0.437694 890
26 0.488384 0.426886 853
27 0.480475 0.423277 930
28 0.470094 0.424902 768
29 0.47306 0.420149 760
PRECISAO DO ENSEMBLE 0.568957
0 0.789473
1 0.800611
2 0.805028
3 0.801261
4 0.799134
5 0.895762
6 0.853671
7 0.924364
8 0.953159
9 0.862914
10 0.802167
11 0.827845
12 0.86517
13 0.89542
14 0.887099
15 0.850939
16 0.900059
17 0.870956
18 1
19 0.897918
20 0.787181
21 0.8672
22 0.885298
23 0.885067
24 0.81904
25 0.917645
26 0.93045
27 0.923222
28 0.89213
29 0.873088

Geração 7

EXTERNO, INTERNO e N de FEATURES
0 0.473554 0.427195 960
1 0.480475 0.435866 826
2 0.444884 0.421955 730
3 0.463174 0.41561 844
4 0.489867 0.430401 919
5 0.464656 0.438911 835
6 0.492338 0.430178 841
7 0.44439 0.440221 783
8 0.47306 0.427847 902
9 0.474543 0.416323 950
10 0.456747 0.419844 966
11 0.478497 0.421592 856
12 0.48344 0.433573 941
13 0.49481 0.441574 961
14 0.490855 0.417376 957
15 0.464656 0.414496 724
16 0.436975 0.428765 701
17 0.457736 0.41801 838
18 0.467622 0.417006 937
19 0.486901 0.421011 905
20 0.481463 0.438136 914
21 0.491349 0.444301 876
22 0.455264 0.429781 829
23 0.470588 0.432619 846
24 0.493327 0.426247 842
25 0.500247 0.44224 929
26 0.468611 0.437675 929
27 0.477014 0.426575 819
28 0.477509 0.416714 869
29 0.478497 0.431899 928
PRECISAO DO ENSEMBLE 0.57044
0 0.970799
1 0.955768
2 0.841101
3 0.909321
4 0.91313
5 0.858648
6 0.844859
7 0.839527
8 0.940713
9 0.81274
10 0.915795
11 0.856253
12 0.973141
13 0.897771
14 0.870358
15 0.826966
16 0.753451
17 0.85214
18 0.982627
19 0.951279
20 0.972186
21 0.958614
22 0.879789
23 0.918955
24 0.950278
25 0.9541
26 0.87996
27 0.861766
28 0.939714
29 0.95719

Geração 8

EXTERNO, INTERNO e N de FEATURES
0 0.506673 0.434457 915
1 0.499753 0.435478 909
2 0.515077 0.427633 902
3 0.481957 0.425933 929
4 0.45823 0.423925 817
5 0.472565 0.428169 830
6 0.459713 0.432295 801
7 0.467622 0.421127 817
8 0.506673 0.417242 816
9 0.476026 0.42818 934
10 0.489867 0.433749 887
11 0.503213 0.422866 877
12 0.443401 0.429182 749
13 0.439446 0.408559 774
14 0.434503 0.416198 759
15 0.504696 0.438683 921
16 0.457242 0.429355 709
17 0.47306 0.419626 929
18 0.461196 0.446419 894
19 0.461691 0.423518 824
20 0.436975 0.425924 820
21 0.474048 0.428647 828
22 0.449333 0.423589 815
23 0.451804 0.416127 767
24 0.490855 0.418464 873
25 0.495798 0.421524 804
26 0.506673 0.433733 931
27 0.482946 0.42091 916
28 0.475531 0.428045 895
29 0.47998 0.424591 822
PRECISAO DO ENSEMBLE 0.565002
0 0.961251
1 0.920252
2 0.89231
3 0.937998
4 0.900726
5 0.942646
6 0.924165
7 0.826622
8 0.845057
9 0.994528
10 0.97436
11 0.912677
12 0.791837
13 0.814763
14 0.856299
15 0.956858
16 0.773677
17 0.975753
18 0.926989
19 0.87742
20 0.810205
21 0.870757
22 0.915632
23 0.809264
24 0.902886
25 0.928417
26 0.868302
27 0.938173
28 0.901606
29 0.878873

Geração 9

EXTERNO, INTERNO e N de FEATURES
0 0.509145 0.433343 911
1 0.467622 0.41482 714
2 0.487889 0.438539 907
3 0.493327 0.424823 882
4 0.440929 0.42682 726
5 0.495304 0.42303 804
6 0.513594 0.452241 884
7 0.464656 0.440014 881
8 0.457242 0.424057 729
9 0.497281 0.423287 895
10 0.47652 0.428296 876
11 0.508156 0.43427 863
12 0.468117 0.425345 867
13 0.483935 0.440782 740
14 0.451804 0.428418 904
15 0.479486 0.424027 885
16 0.472565 0.428183 902
17 0.478497 0.423914 877
18 0.455264 0.42547 881
19 0.50173 0.424454 869
20 0.475037 0.420233 818
21 0.50519 0.430813 886
22 0.453782 0.423815 879
23 0.478992 0.427015 879
24 0.462679 0.420827 743
25 0.484429 0.41934 893
26 0.486901 0.429939 763
27 0.490361 0.449829 892
28 0.474048 0.425104 810
29 0.489867 0.431271 884
PRECISAO DO ENSEMBLE 0.567474
0 0.964795
1 0.813909
2 0.894337
3 0.883836
4 0.700449
5 0.807499
6 0.916439
7 0.921846
8 0.849507
9 0.96988
10 0.927433
11 0.917922
12 0.923476
13 0.899751
14 0.91091
15 0.931318
16 0.918772
17 0.953539
18 0.929245
19 0.877686
20 0.896924
21 0.972868
22 0.832233
23 0.92776
24 0.888248
25 0.944393
26 0.876153
27 1
28 0.786374
29 0.855831

Geração 10

EXTERNO, INTERNO e N de FEATURES
0 0.487889 0.432395 855
1 0.456747 0.429753 858
2 0.466634 0.43717 872
3 0.465151 0.426176 878
4 0.462679 0.421074 864
5 0.495798 0.432631 856
6 0.472565 0.420051 874
7 0.497281 0.442408 834
8 0.47652 0.44519 862
9 0.49481 0.443745 849
10 0.496293 0.424376 865
11 0.463668 0.418765 865
12 0.477014 0.421586 885
13 0.47998 0.443857 864
14 0.509639 0.422392 888
15 0.445378 0.404239 725
16 0.452299 0.428329 704
17 0.443401 0.439884 882
18 0.481463 0.426895 888
19 0.465151 0.420409 741
20 0.456747 0.429356 765
21 0.456747 0.425612 717
22 0.457736 0.450707 880
23 0.47306 0.430062 866
24 0.463174 0.435974 864
25 0.497281 0.429288 871
26 0.489867 0.434051 868
27 0.494315 0.439952 877
28 0.478497 0.429466 874
29 0.506179 0.437708 862
PRECISAO DO ENSEMBLE 0.560059
0 0.902868
1 0.965329
2 0.982532
3 0.898646
4 0.903074
5 0.946514
6 0.931657
7 0.929025
8 0.89642
9 0.955907
10 0.920138
11 0.97092
12 0.978935
13 0.990652
14 0.874751
15 0.78868
16 0.824413
17 0.925305
18 0.897489
19 0.7909
20 0.825373
21 0.887569
22 0.918337
23 0.934006
24 0.942497
25 0.923643
26 0.968153
27 0.981083
28 0.946076
29 1

Geração 11

EXTERNO, INTERNO e N de FEATURES
0 0.485912 0.433546 838
1 0.475037 0.429207 836
2 0.491349 0.425639 862
3 0.512605 0.42028 857
4 0.466139 0.429926 836
5 0.47306 0.426551 834
6 0.482946 0.437591 833
7 0.481463 0.43838 834
8 0.47998 0.423433 846
9 0.480969 0.427796 801
10 0.48344 0.439193 862
11 0.45477 0.42377 695
12 0.482452 0.418529 728
13 0.460208 0.437135 848
14 0.486406 0.434518 848
15 0.443401 0.41743 845
16 0.466139 0.424222 839
17 0.480475 0.429436 833
18 0.505685 0.431834 834
19 0.486406 0.429308 836
20 0.50173 0.42639 825
21 0.460702 0.429242 776
22 0.457736 0.418967 765
23 0.457736 0.428877 827
24 0.47998 0.434284 849
25 0.477014 0.41924 837
26 0.470588 0.426969 855
27 0.472565 0.434525 855
28 0.465151 0.428594 831
29 0.474048 0.442144 847
PRECISAO DO ENSEMBLE 0.546218
0 0.971102
1 0.876212
2 0.924655
3 0.88529
4 0.907979
5 0.929749
6 0.94214
7 0.923763
8 0.904774
9 0.921206
10 0.875567
11 0.798174
12 0.820755
13 0.911692
14 0.985873
15 0.829299
16 0.916052
17 0.917456
18 0.94886
19 0.954135
20 0.974241
21 0.85239
22 0.828819
23 0.882097
24 0.923277
25 0.900018
26 0.959543
27 0.918747
28 0.888569
29 0.901516

Geração 12

EXTERNO, INTERNO e N de FEATURES
0 0.486901 0.426067 833
1 0.474543 0.428888 825
2 0.470588 0.434719 821
3 0.478992 0.431594 819
4 0.468611 0.440002 809
5 0.468117 0.429882 805
6 0.48344 0.422413 817
7 0.481957 0.431711 811
8 0.471577 0.424243 840
9 0.451804 0.421417 791
10 0.481957 0.431228 802
11 0.485418 0.437551 854
12 0.481957 0.428386 812
13 0.47652 0.426889 849
14 0.446861 0.420258 806
15 0.472565 0.434094 798
16 0.472565 0.448331 804
17 0.481463 0.440494 807
18 0.445378 0.435527 800
19 0.449333 0.419502 740
20 0.481463 0.420362 791
21 0.477509 0.428277 833
22 0.457736 0.432772 826
23 0.489867 0.431084 790
24 0.438952 0.418921 837
25 0.478992 0.433598 798
26 0.493821 0.42966 813
27 0.461691 0.421377 812
28 0.447355 0.426842 837
29 0.467622 0.41913 809
PRECISAO DO ENSEMBLE 0.564508
0 0.952946
1 0.916753
2 0.844923
3 0.934225
4 0.917159
5 0.926611
6 0.895584
7 0.842989
8 0.867898
9 0.811197
10 0.845559
11 0.959209
12 0.855057
13 0.979909
14 0.953096
15 0.934486
16 0.930333
17 0.911397
18 0.901933
19 0.829889
20 0.894797
21 0.898633
22 0.969216
23 0.916678
24 0.879602
25 0.943737
26 0.891501
27 0.83565
28 0.89556
29 0.822529

Geração 13

EXTERNO, INTERNO e N de FEATURES
0 0.481957 0.421526 828
1 0.462185 0.424577 820
2 0.460702 0.421299 851
3 0.455264 0.41754 792
4 0.457242 0.433431 810
5 0.453782 0.423878 806
6 0.484923 0.421561 831
7 0.438458 0.423612 831
8 0.47652 0.429039 794
9 0.432526 0.414848 806
10 0.479486 0.42013 808
11 0.491844 0.428907 819
12 0.44785 0.427334 799
13 0.478003 0.42392 772
14 0.477509 0.429764 825
15 0.482452 0.424387 841
16 0.491349 0.431298 794
17 0.471083 0.413928 799
18 0.470094 0.426914 815
19 0.460208 0.424885 809
20 0.494315 0.429822 795
21 0.471577 0.432966 804
22 0.471577 0.421499 792
23 0.475037 0.436006 815
24 0.483935 0.421416 822
25 0.510133 0.426779 809
26 0.468117 0.427453 791
27 0.441918 0.441022 804
28 0.468117 0.43129 830
29 0.465645 0.426085 809
PRECISAO DO ENSEMBLE 0.544241
0 0.918056
1 0.896255
2 0.915163
3 0.847482
4 0.948289
5 0.90267
6 0.928396
7 0.90796
8 0.909248
9 0.853128
10 0.959026
11 0.899069
12 0.91179
13 0.834318
14 0.8571
15 0.981606
16 0.909364
17 0.834553
18 0.888982
19 0.906675
20 0.953695
21 0.946163
22 0.860036
23 0.940651
24 0.91597
25 0.880785
26 0.987553
27 0.851399
28 0.969619
29 0.934541

Geração 14

EXTERNO, INTERNO e N de FEATURES
0 0.45477 0.421344 768
1 0.475037 0.427907 827
2 0.472071 0.456347 765
3 0.509145 0.434346 803
4 0.480475 0.43536 793
5 0.467622 0.421944 800
6 0.449333 0.427543 777
7 0.474543 0.43648 806
8 0.471577 0.421538 816
9 0.484923 0.434553 792
10 0.468611 0.429884 813
11 0.475037 0.43229 806
12 0.480969 0.418683 819
13 0.442907 0.431936 794
14 0.473554 0.444639 782
15 0.470588 0.426178 802
16 0.456747 0.420134 785
17 0.480475 0.425047 809
18 0.456253 0.434269 788
19 0.473554 0.41687 814
20 0.467622 0.414138 787
21 0.495798 0.435532 783
22 0.48344 0.435346 814
23 0.493327 0.432242 791
24 0.480969 0.425525 815
25 0.469105 0.421217 797
26 0.4696 0.437657 803
27 0.468611 0.428764 820
28 0.475531 0.421942 813
29 0.473554 0.412338 797
PRECISAO DO ENSEMBLE 0.550667
0 0.930959
1 0.905544
2 0.957217
3 0.926501
4 1
5 0.948781
6 0.925905
7 0.927391
8 0.966528
9 0.912714
10 0.93156
11 0.896018
12 0.956369
13 0.900098
14 0.942782
15 0.945505
16 0.902888
17 0.970641
18 0.890972
19 0.943012
20 0.871579
21 0.973825
22 0.901815
23 0.917674
24 0.948121
25 0.982545
26 0.903242
27 0.911406
28 0.985939
29 0.918487

Geração 15

EXTERNO, INTERNO e N de FEATURES
0 0.484923 0.436395 773
1 0.453287 0.43316 798
2 0.482452 0.432986 796
3 0.468611 0.4294 762
4 0.478992 0.430583 781
5 0.461196 0.419372 813
6 0.478497 0.424501 810
7 0.480969 0.429044 779
8 0.478497 0.414548 788
9 0.484429 0.433655 779
10 0.476026 0.428843 787
11 0.460208 0.420273 756
12 0.481957 0.437452 742
13 0.486406 0.425826 789
14 0.483935 0.434035 786
15 0.478992 0.429942 770
16 0.475037 0.420271 805
17 0.44439 0.42104 779
18 0.492832 0.422139 767
19 0.463174 0.429765 767
20 0.468117 0.435527 798
21 0.467128 0.439285 782
22 0.47306 0.427466 792
23 0.464656 0.414812 798
24 0.43648 0.42688 753
25 0.466139 0.423523 754
26 0.431043 0.428033 763
27 0.470094 0.445334 813
28 0.487395 0.423057 779
29 0.474543 0.432062 786
PRECISAO DO ENSEMBLE 0.556105
0 0.95022
1 0.906092
2 1
3 0.883962
4 0.979976
5 0.933689
6 0.971702
7 0.883265
8 0.925097
9 0.910004
10 0.973774
11 0.906095
12 0.907792
13 0.905293
14 0.993887
15 0.938238
16 0.935026
17 0.865469
18 0.976318
19 0.948512
20 0.908644
21 0.988353
22 0.881308
23 0.887955
24 0.907946
25 0.963084
26 0.880656
27 0.954011
28 0.874411
29 0.880733

Geração 16

EXTERNO, INTERNO e N de FEATURES
0 0.484923 0.415173 789
1 0.449333 0.429233 765
2 0.453782 0.424269 744
3 0.476026 0.41669 751
4 0.448344 0.430931 768
5 0.484923 0.438743 756
6 0.47998 0.43164 753
7 0.440435 0.422156 722
8 0.497776 0.430833 776
9 0.462679 0.446093 762
10 0.472071 0.444085 769
11 0.453782 0.430859 775
12 0.437469 0.416622 745
13 0.471577 0.421469 771
14 0.451804 0.431675 781
15 0.446861 0.411772 777
16 0.482946 0.440077 763
17 0.486406 0.423585 785
18 0.461196 0.430879 781
19 0.479486 0.41631 782
20 0.472565 0.430119 744
21 0.500247 0.42251 764
22 0.470588 0.42559 759
23 0.444884 0.432775 770
24 0.489372 0.443625 764
25 0.477014 0.415244 783
26 0.448344 0.417222 733
27 0.472071 0.421923 779
28 0.478992 0.423707 781
29 0.480969 0.43631 784
PRECISAO DO ENSEMBLE 0.56352
0 0.996044
1 0.860159
2 0.891498
3 0.844677
4 0.869651
5 0.939289
6 0.906671
7 0.872013
8 0.935326
9 0.933798
10 0.906086
11 0.952715
12 0.815428
13 0.834851
14 0.9382
15 0.885346
16 0.898181
17 0.826979
18 0.909979
19 0.928986
20 0.944133
21 0.875431
22 0.914924
23 0.898658
24 0.995829
25 0.941463
26 0.883578
27 0.946567
28 0.910093
29 0.99117

Geração 17

EXTERNO, INTERNO e N de FEATURES
0 0.47998 0.439211 773
1 0.478992 0.423417 763
2 0.43648 0.419423 771
3 0.463668 0.433618 750
4 0.4696 0.423925 748
5 0.4696 0.42838 763
6 0.463668 0.423768 772
7 0.425606 0.41801 740
8 0.483935 0.437108 748
9 0.468117 0.44106 759
10 0.464162 0.451405 765
11 0.45823 0.426385 771
12 0.441424 0.43735 749
13 0.443895 0.431412 710
14 0.464162 0.449049 771
15 0.503707 0.442076 767
16 0.481463 0.426721 765
17 0.477509 0.432564 766
18 0.478992 0.427781 782
19 0.477014 0.420111 746
20 0.463668 0.443171 749
21 0.477509 0.425898 737
22 0.494315 0.430867 766
23 0.456253 0.4206 757
24 0.464162 0.434191 740
25 0.477509 0.423505 748
26 0.467128 0.414836 753
27 0.454276 0.434656 764
28 0.498764 0.433981 715
29 0.459219 0.431296 773
PRECISAO DO ENSEMBLE 0.55561
0 0.96983
1 0.91146
2 0.825287
3 0.935698
4 0.969776
5 0.873914
6 0.885306
7 0.868384
8 0.945742
9 0.896595
10 0.97353
11 0.844319
12 0.94153
13 0.930799
14 0.927874
15 0.90437
16 0.940496
17 1
18 0.978145
19 0.983915
20 0.870685
21 0.955788
22 0.94095
23 0.926158
24 0.936
25 0.900376
26 0.864764
27 0.953593
28 0.903757
29 0.895445

Geração 18

EXTERNO, INTERNO e N de FEATURES
0 0.475531 0.446301 767
1 0.462679 0.433422 771
2 0.469105 0.44183 758
3 0.467128 0.425748 751
4 0.455264 0.421843 774
5 0.467622 0.421836 746
6 0.475531 0.427273 766
7 0.465151 0.439984 745
8 0.482452 0.452183 757
9 0.430549 0.435212 733
10 0.457736 0.438135 743
11 0.45131 0.43406 762
12 0.450816 0.419767 768
13 0.465645 0.437144 747
14 0.470094 0.4335 730
15 0.458725 0.424931 741
16 0.47652 0.447049 746
17 0.465645 0.43392 732
18 0.463174 0.431184 760
19 0.477014 0.418847 761
20 0.452793 0.425061 742
21 0.465645 0.425412 752
22 0.462185 0.433597 748
23 0.47306 0.422039 745
24 0.50173 0.44088 741
25 0.421651 0.440072 718
26 0.468117 0.427334 765
27 0.47306 0.429583 748
28 0.482452 0.436415 744
29 0.466634 0.437923 735
PRECISAO DO ENSEMBLE 0.566485
0 0.936558
1 0.936516
2 0.996826
3 0.930711
4 0.960357
5 0.942901
6 0.806472
7 0.965903
8 0.989614
9 0.792872
10 0.937133
11 0.91347
12 0.906399
13 0.921791
14 0.85195
15 0.941237
16 0.924043
17 0.968391
18 0.918807
19 0.982006
20 0.86308
21 0.934548
22 0.971474
23 0.947925
24 0.985841
25 0.860891
26 0.883184
27 0.911914
28 0.869278
29 0.935823

Geração 19

EXTERNO, INTERNO e N de FEATURES
0 0.463668 0.430897 747
1 0.467622 0.432653 735
2 0.494315 0.439068 738
3 0.460208 0.423074 728
4 0.464162 0.424363 749
5 0.478497 0.425048 771
6 0.449827 0.436661 740
7 0.484429 0.433183 727
8 0.459219 0.429084 752
9 0.476026 0.433175 752
10 0.4696 0.426018 733
11 0.458725 0.427485 742
12 0.480969 0.42774 759
13 0.495798 0.425419 742
14 0.453782 0.431345 751
15 0.472565 0.429988 751
16 0.466634 0.430208 744
17 0.462679 0.427937 738
18 0.481463 0.435115 765
19 0.456747 0.416223 749
20 0.481957 0.434435 748
21 0.473554 0.429033 733
22 0.459713 0.425325 750
23 0.486406 0.429602 757
24 0.472565 0.441004 745
25 0.464162 0.427217 719
26 0.478497 0.437766 749
27 0.458725 0.420997 759
28 0.466634 0.423811 748
29 0.434998 0.42654 773
PRECISAO DO ENSEMBLE 0.566485
0 0.919762
1 0.955246
2 0.949349
3 0.934005
4 0.890209
5 0.973615
6 0.942834
7 0.928634
8 0.926384
9 0.909992
10 0.963371
11 0.985657
12 0.959307
13 0.994783
14 0.928123
15 0.936962
16 0.983297
17 0.988051
18 0.948243
19 0.83775
20 0.876772
21 0.909091
22 0.907953
23 0.879636
24 0.969475
25 0.941974
26 0.895786
27 0.895857
28 0.897451
29 0.900995

Geração 20

EXTERNO, INTERNO e N de FEATURES
0 0.462679 0.430659 743
1 0.434503 0.432071 744
2 0.446367 0.425634 724
3 0.469105 0.447064 754
4 0.465645 0.42143 753
5 0.469105 0.423796 738
6 0.493821 0.429149 719
7 0.458725 0.428727 730
8 0.467622 0.429213 733
9 0.430549 0.42177 749
10 0.479486 0.435638 750
11 0.458725 0.43084 757
12 0.471577 0.417173 704
13 0.461196 0.448796 731
14 0.466139 0.43484 715
15 0.458725 0.421904 694
16 0.474543 0.435741 736
17 0.435986 0.421513 729
18 0.470094 0.423878 740
19 0.454276 0.442166 741
20 0.463174 0.425213 733
21 0.503707 0.439618 744
22 0.460208 0.427294 701
23 0.457242 0.433131 727
24 0.472565 0.441419 742
25 0.439446 0.437193 704
26 0.461691 0.420443 767
27 0.450816 0.420845 752
28 0.457736 0.427434 707
29 0.435492 0.414688 770
PRECISAO DO ENSEMBLE 0.571923
0 0.883803
1 0.865793
2 0.887981
3 0.988025
4 0.898107
5 0.896407
6 0.938114
7 0.918093
8 0.946004
9 0.876085
10 0.922132
11 0.925264
12 1
13 0.918806
14 0.8511
15 0.839526
16 0.877998
17 0.848585
18 0.902424
19 0.891537
20 0.882724
21 0.897616
22 0.95115
23 0.917996
24 0.945849
25 0.892678
26 0.892991
27 0.832268
28 0.877268
29 0.833698

Geração 21

EXTERNO, INTERNO e N de FEATURES
0 0.449827 0.423356 700
1 0.4696 0.429647 744
2 0.460208 0.418282 731
3 0.456253 0.421622 725
4 0.470588 0.430842 723
5 0.47998 0.436557 720
6 0.466634 0.424362 740
7 0.483935 0.428302 746
8 0.472071 0.436089 747
9 0.492832 0.447131 717
10 0.480475 0.433017 749
11 0.460702 0.43275 738
12 0.47652 0.430686 749
13 0.469105 0.419199 750
14 0.483935 0.431728 730
15 0.464162 0.421661 731
16 0.496293 0.428641 740
17 0.473554 0.434217 730
18 0.460702 0.449755 738
19 0.451804 0.416622 753
20 0.465645 0.437051 703
21 0.466634 0.452427 709
22 0.467128 0.430365 731
23 0.456253 0.42902 735
24 0.472565 0.438517 718
25 0.464656 0.424915 722
26 0.47998 0.420723 739
27 0.491844 0.448908 710
28 0.450321 0.426518 728
29 0.480969 0.427675 726
PRECISAO DO ENSEMBLE 0.568463
0 0.858876
1 0.992605
2 0.924837
3 0.864934
4 0.867126
5 0.919812
6 0.870533
7 0.890688
8 0.932892
9 0.928052
10 0.951134
11 0.878264
12 0.9477
13 0.970197
14 0.956077
15 0.885765
16 0.927132
17 0.921153
18 0.860505
19 0.863322
20 0.881014
21 0.966096
22 0.906336
23 0.959555
24 0.965254
25 0.918928
26 0.889761
27 0.91235
28 0.856184
29 0.86187

Geração 22

EXTERNO, INTERNO e N de FEATURES
0 0.485912 0.443932 733
1 0.471577 0.4378 731
2 0.454276 0.424227 737
3 0.457242 0.440225 692
4 0.484923 0.424848 702
5 0.464656 0.434649 724
6 0.460702 0.454588 706
7 0.468117 0.422404 748
8 0.475531 0.426689 745
9 0.470094 0.429114 729
10 0.489867 0.427624 696
11 0.423628 0.440124 713
12 0.502224 0.430175 719
13 0.476026 0.435203 754
14 0.488384 0.431687 713
15 0.440929 0.419629 749
16 0.461196 0.427366 710
17 0.428571 0.420239 730
18 0.436975 0.426219 749
19 0.474048 0.434347 712
20 0.470588 0.423871 730
21 0.475531 0.436407 737
22 0.457242 0.449892 732
23 0.47652 0.449701 729
24 0.48344 0.428652 720
25 0.439446 0.429135 724
26 0.476026 0.424137 705
27 0.44785 0.445313 734
28 0.462679 0.430032 736
29 0.484923 0.442154 716
PRECISAO DO ENSEMBLE 0.553633
0 1
1 0.817533
2 0.835338
3 0.918248
4 0.897316
5 0.894049
6 0.90352
7 0.857092
8 0.832515
9 0.930459
10 0.865864
11 0.803871
12 0.923141
13 0.922173
14 0.834942
15 0.828299
16 0.845078
17 0.820395
18 0.788204
19 0.874356
20 0.859773
21 0.91843
22 0.845769
23 0.870687
24 0.863709
25 0.800992
26 0.855017
27 0.874412
28 0.80248
29 0.847685

Geração 23

EXTERNO, INTERNO e N de FEATURES
0 0.43648 0.437832 712
1 0.456253 0.428618 740
2 0.474048 0.432741 696
3 0.477509 0.434384 691
4 0.478003 0.427846 715
5 0.465645 0.430806 689
6 0.474048 0.422434 685
7 0.446861 0.427804 733
8 0.502224 0.433027 755
9 0.463174 0.429436 733
10 0.465151 0.423995 696
11 0.477014 0.448908 712
12 0.463668 0.434044 726
13 0.455264 0.429623 726
14 0.463174 0.429216 739
15 0.444884 0.41038 736
16 0.478992 0.432558 721
17 0.456253 0.421395 734
18 0.475037 0.425601 717
19 0.479486 0.429216 698
20 0.465645 0.417692 748
21 0.45477 0.419158 713
22 0.468117 0.422814 724
23 0.474543 0.431439 721
24 0.457242 0.431514 695
25 0.450321 0.438015 717
26 0.455264 0.425487 683
27 0.487889 0.43759 726
28 0.498764 0.423373 729
29 0.445378 0.421579 744
PRECISAO DO ENSEMBLE 0.556105
0 0.987416
1 0.873358
2 0.960203
3 0.890137
4 0.892376
5 0.928118
6 0.95136
7 0.887893
8 0.964734
9 0.882397
10 0.895079
11 0.907955
12 0.95248
13 0.892405
14 0.998157
15 0.877154
16 0.957623
17 0.952657
18 0.954947
19 0.964552
20 0.911346
21 0.887649
22 0.97637
23 0.904247
24 0.879526
25 0.961345
26 0.851331
27 0.957613
28 0.956309
29 0.917774

Geração 24

EXTERNO, INTERNO e N de FEATURES
0 0.4261 0.415775 729
1 0.453782 0.419556 699
2 0.428571 0.420085 729
3 0.490361 0.42412 742
4 0.489867 0.449338 721
5 0.475037 0.433139 685
6 0.466139 0.429671 712
7 0.464656 0.425009 720
8 0.461691 0.444842 697
9 0.480969 0.434857 681
10 0.506179 0.432721 763
11 0.465151 0.418059 737
12 0.470094 0.425865 732
13 0.481957 0.42029 728
14 0.469105 0.432509 721
15 0.453782 0.421974 743
16 0.457736 0.423446 726
17 0.460208 0.436217 701
18 0.458725 0.417975 704
19 0.437963 0.433578 692
20 0.43302 0.423262 713
21 0.468611 0.435363 745
22 0.459219 0.412984 720
23 0.4696 0.428422 704
24 0.468611 0.420462 708
25 0.455759 0.429755 702
26 0.474543 0.424801 739
27 0.453287 0.419768 723
28 0.485418 0.433762 720
29 0.476026 0.423298 733
PRECISAO DO ENSEMBLE 0.55561
0 0.869871
1 0.901593
2 0.798601
3 0.919831
4 0.919162
5 0.894896
6 0.920086
7 0.852712
8 0.912673
9 0.963156
10 0.962976
11 0.899531
12 0.934084
13 0.877605
14 0.956439
15 0.907021
16 0.885578
17 0.949553
18 0.898113
19 0.966989
20 0.889707
21 0.999532
22 0.896994
23 0.880335
24 0.879111
25 0.881712
26 0.930067
27 0.888163
28 0.986114
29 0.888103

Geração 25

EXTERNO, INTERNO e N de FEATURES
0 0.47306 0.421207 735
1 0.4696 0.425632 699
2 0.441918 0.425878 695
3 0.494315 0.439936 670
4 0.464162 0.422813 681
5 0.448838 0.42344 720
6 0.465151 0.419459 704
7 0.45477 0.43269 739
8 0.435986 0.415691 708
9 0.449333 0.417356 705
10 0.433515 0.426874 691
11 0.461196 0.426786 709
12 0.488878 0.432459 675
13 0.437963 0.413075 697
14 0.468117 0.422708 724
15 0.466139 0.427315 749
16 0.467622 0.429873 700
17 0.44439 0.433592 702
18 0.47998 0.446139 667
19 0.424123 0.429 705
20 0.450816 0.414824 728
21 0.472071 0.430452 721
22 0.441918 0.428217 728
23 0.445378 0.427956 726
24 0.432032 0.420877 716
25 0.478992 0.429332 719
26 0.420662 0.412169 733
27 0.474543 0.418714 692
28 0.456253 0.423115 716
29 0.455264 0.413454 708
PRECISAO DO ENSEMBLE 0.557588
0 0.981084
1 0.924481
2 0.902452
3 0.881265
4 0.91815
5 0.893544
6 0.875823
7 0.900393
8 0.923481
9 0.821255
10 0.866324
11 0.953127
12 0.869626
13 0.869294
14 0.888665
15 0.92109
16 0.878817
17 0.881276
18 0.883461
19 0.835766
20 0.912081
21 0.926536
22 0.8735
23 0.885969
24 0.899118
25 0.995798
26 0.835636
27 0.878118
28 0.877142
29 0.86459

Geração 26

EXTERNO, INTERNO e N de FEATURES
0 0.442412 0.420017 717
1 0.508156 0.431924 740
2 0.466634 0.42269 681
3 0.461691 0.426455 687
4 0.457242 0.41644 722
5 0.468117 0.424056 728
6 0.453287 0.417531 724
7 0.448344 0.423038 718
8 0.456747 0.422615 715
9 0.481463 0.442564 745
10 0.472565 0.42874 715
11 0.486901 0.436406 691
12 0.415719 0.41715 722
13 0.437469 0.428543 701
14 0.445378 0.417423 709
15 0.492832 0.433767 678
16 0.433515 0.446285 675
17 0.456253 0.4481 721
18 0.485418 0.433906 689
19 0.464656 0.426485 717
20 0.47998 0.439579 702
21 0.480475 0.426102 733
22 0.483935 0.432627 726
23 0.457736 0.416569 688
24 0.4696 0.43154 699
25 0.484923 0.452173 705
26 0.485912 0.439554 684
27 0.417202 0.436726 685
28 0.45131 0.440577 695
29 0.466634 0.429441 715
PRECISAO DO ENSEMBLE 0.558082
0 0.903914
1 0.988883
2 0.898785
3 0.823914
4 0.929254
5 0.909385
6 0.825884
7 0.884075
8 0.94327
9 0.916195
10 0.91939
11 0.889885
12 0.833838
13 0.820346
14 0.878326
15 0.938588
16 0.851756
17 0.925979
18 0.92299
19 0.910956
20 0.89457
21 0.921516
22 0.986422
23 0.871392
24 0.949485
25 0.871469
26 0.972517
27 0.81689
28 0.884746
29 0.875276

Geração 27

EXTERNO, INTERNO e N de FEATURES
0 0.459713 0.436314 723
1 0.459219 0.42959 728
2 0.459219 0.419719 699
3 0.484429 0.439442 719
4 0.493327 0.434345 708
5 0.463174 0.44043 725
6 0.468117 0.435221 698
7 0.463174 0.432479 707
8 0.4696 0.428303 721
9 0.480969 0.434394 702
10 0.441918 0.431498 720
11 0.445378 0.422698 710
12 0.453782 0.426327 679
13 0.470094 0.42566 717
14 0.489867 0.433346 728
15 0.466634 0.417235 709
16 0.470588 0.425702 718
17 0.446861 0.436483 682
18 0.452793 0.427454 709
19 0.448838 0.436725 713
20 0.462185 0.436078 701
21 0.458725 0.442253 711
22 0.442412 0.425814 681
23 0.443401 0.439594 712
24 0.473554 0.430422 706
25 0.448344 0.416625 692
26 0.462185 0.420144 715
27 0.448838 0.41858 714
28 0.44785 0.435455 739
29 0.450816 0.42018 717
PRECISAO DO ENSEMBLE 0.558082
0 0.948258
1 0.85044
2 0.841048
3 0.976917
4 0.905943
5 0.920627
6 0.926147
7 0.913867
8 0.867824
9 0.824419
10 0.81108
11 0.911935
12 0.868371
13 0.918865
14 0.917356
15 0.885646
16 0.976642
17 0.919051
18 0.823368
19 0.993108
20 0.881478
21 0.953717
22 0.847905
23 0.849956
24 0.958929
25 0.85505
26 0.872988
27 0.915525
28 0.90585
29 0.94241

Geração 28

EXTERNO, INTERNO e N de FEATURES
0 0.476026 0.43057 703
1 0.504696 0.438672 717
2 0.459713 0.428388 698
3 0.480475 0.427062 703
4 0.427583 0.413627 711
5 0.475531 0.435197 725
6 0.434009 0.42398 701
7 0.463174 0.429222 701
8 0.449827 0.422103 706
9 0.486406 0.441782 714
10 0.433515 0.422007 703
11 0.423134 0.430864 711
12 0.466634 0.430874 721
13 0.461691 0.434473 716
14 0.455759 0.441737 707
15 0.459713 0.459246 718
16 0.458725 0.41454 725
17 0.440929 0.423441 707
18 0.492832 0.435824 707
19 0.475531 0.441762 718
20 0.474543 0.434684 719
21 0.496293 0.441359 710
22 0.467128 0.434631 687
23 0.452793 0.438013 707
24 0.44439 0.431645 700
25 0.459219 0.445655 728
26 0.489867 0.433708 685
27 0.468611 0.440436 725
28 0.437469 0.426811 716
29 0.432032 0.417877 695
PRECISAO DO ENSEMBLE 0.556105
0 0.986571
1 1
2 0.906273
3 0.911161
4 0.801616
5 0.952429
6 0.847846
7 0.924627
8 0.884274
9 0.964314
10 0.897198
11 0.835537
12 0.895711
13 0.97591
14 0.979392
15 0.936692
16 0.914111
17 0.909615
18 0.920057
19 0.85073
20 0.948076
21 0.936148
22 0.876339
23 0.875868
24 0.904092
25 0.952513
26 0.949117
27 0.976567
28 0.888696
29 0.782229

Geração 29

EXTERNO, INTERNO e N de FEATURES
0 0.481463 0.420009 706
1 0.436975 0.425624 695
2 0.435986 0.424563 720
3 0.463668 0.423362 699
4 0.433515 0.42237 697
5 0.44785 0.427319 718
6 0.478992 0.449219 699
7 0.462185 0.41643 686
8 0.440929 0.428963 715
9 0.47998 0.428742 715
10 0.47652 0.428173 695
11 0.474543 0.43862 723
12 0.448344 0.442146 703
13 0.44785 0.426094 695
14 0.468117 0.425161 708
15 0.450321 0.424781 707
16 0.45823 0.41925 708
17 0.472071 0.439385 699
18 0.459219 0.423082 709
19 0.465151 0.442344 692
20 0.456253 0.440406 700
21 0.471577 0.432332 709
22 0.436975 0.425743 726
23 0.440929 0.440502 695
24 0.446861 0.417183 696
25 0.477509 0.431618 705
26 0.47306 0.429374 700
27 0.475531 0.429412 703
28 0.485418 0.432604 699
29 0.464162 0.435995 697
PRECISAO DO ENSEMBLE 0.551162
0 0.835602
1 0.864158
2 0.874364
3 0.829186
4 0.878437
5 0.935982
6 0.974854
7 0.889549
8 0.917108
9 0.940422
10 0.933609
11 0.9591
12 0.937034
13 0.923967
14 0.958078
15 0.887746
16 0.891698
17 0.877516
18 0.903412
19 0.902609
20 0.932935
21 0.92255
22 0.953115
23 0.981811
24 0.955605
25 0.975581
26 0.878356
27 0.894595
28 0.894584
29 0.970302

Geração 30

EXTERNO, INTERNO e N de FEATURES
0 0.436975 0.454255 679
1 0.474543 0.434131 687
2 0.465645 0.433756 701
3 0.460208 0.438459 692
4 0.42956 0.41974 682
5 0.45477 0.425867 705
6 0.471577 0.433203 686
7 0.452793 0.429513 710
8 0.461691 0.430867 701
9 0.452793 0.426906 718
10 0.447355 0.423872 677
11 0.45131 0.421569 703
12 0.461691 0.434012 699
13 0.467622 0.427827 722
14 0.446367 0.422819 684
15 0.444884 0.430975 680
16 0.465645 0.430478 687
17 0.43302 0.412182 695
18 0.462679 0.435773 713
19 0.47306 0.441781 709
20 0.45477 0.421869 695
21 0.45131 0.448443 696
22 0.457242 0.435238 686
23 0.465151 0.429581 699
24 0.475037 0.427133 694
25 0.492832 0.434422 709
26 0.444884 0.426452 694
27 0.448838 0.425688 698
28 0.441918 0.422042 692
29 0.500741 0.428187 723
PRECISAO DO ENSEMBLE 0.55561
0 0.906298
1 0.960349
2 0.923667
3 0.95928
4 0.956284
5 0.849863
6 0.901954
7 0.914883
8 0.959343
9 0.910843
10 0.778124
11 0.934338
12 0.94582
13 0.981337
14 0.887579
15 0.919162
16 0.86331
17 0.87143
18 0.966419
19 0.94861
20 0.895041
21 0.913608
22 0.902649
23 0.879982
24 0.899812
25 0.954516
26 0.923636
27 0.934428
28 0.860979
29 0.985319

Geração 31

EXTERNO, INTERNO e N de FEATURES
0 0.482452 0.426679 709
1 0.463174 0.431372 705
2 0.44439 0.423724 683
3 0.444884 0.42671 687
4 0.475531 0.427241 706
5 0.477509 0.423043 707
6 0.469105 0.441784 694
7 0.477509 0.432404 700
8 0.471083 0.441737 699
9 0.499259 0.441446 720
10 0.447355 0.43057 672
11 0.488878 0.428333 697
12 0.492832 0.433955 704
13 0.439941 0.43069 694
14 0.481463 0.42888 699
15 0.43302 0.433159 692
16 0.455759 0.43991 682
17 0.462185 0.425605 689
18 0.478497 0.430065 688
19 0.461196 0.430849 681
20 0.464162 0.428786 708
21 0.468611 0.422908 709
22 0.475531 0.441394 696
23 0.453287 0.428838 691
24 0.440435 0.421386 714
25 0.442412 0.426776 708
26 0.452299 0.421456 695
27 0.457736 0.420918 687
28 0.435986 0.436562 691
29 0.461196 0.438637 698
PRECISAO DO ENSEMBLE 0.556105
0 0.93106
1 0.912217
2 0.855829
3 0.923172
4 0.952635
5 0.968297
6 0.876983
7 0.941655
8 0.92772
9 0.857448
10 0.875167
11 0.944504
12 1
13 0.877421
14 0.952953
15 0.875586
16 0.872127
17 0.955141
18 0.94496
19 0.886727
20 0.88748
21 0.932582
22 0.921943
23 0.939429
24 0.930221
25 0.91974
26 0.898712
27 0.957755
28 0.95337
29 0.944017

Geração 32

EXTERNO, INTERNO e N de FEATURES
0 0.50519 0.42563 712
1 0.465645 0.430976 706
2 0.449827 0.422175 696
3 0.442907 0.411336 685
4 0.454276 0.416043 720
5 0.450321 0.4148 687
6 0.444884 0.414993 709
7 0.47306 0.429856 690
8 0.460702 0.420116 704
9 0.445872 0.422259 687
10 0.432032 0.425397 689
11 0.469105 0.433295 715
12 0.47652 0.432858 698
13 0.479486 0.415835 698
14 0.468117 0.438355 674
15 0.478992 0.434287 714
16 0.470094 0.422388 685
17 0.453782 0.432729 666
18 0.465645 0.432751 702
19 0.450321 0.424755 664
20 0.484923 0.433466 684
21 0.464162 0.423069 681
22 0.459219 0.425353 693
23 0.463174 0.427023 696
24 0.476026 0.426746 696
25 0.462679 0.42584 707
26 0.465645 0.433547 705
27 0.437963 0.437825 672
28 0.508156 0.44105 698
29 0.430054 0.424595 675
PRECISAO DO ENSEMBLE 0.549184
0 0.987175
1 0.949373
2 0.926224
3 0.907475
4 0.973911
5 0.924229
6 0.851877
7 0.996856
8 0.93633
9 0.939311
10 0.920811
11 0.932793
12 0.917589
13 0.948937
14 0.903563
15 0.886688
16 0.890668
17 0.843427
18 0.947835
19 0.831886
20 0.885731
21 0.939376
22 0.983675
23 0.930009
24 0.896872
25 0.815805
26 0.859563
27 0.853526
28 0.971496
29 0.893464

Geração 33

EXTERNO, INTERNO e N de FEATURES
0 0.500741 0.450692 683
1 0.462185 0.42989 715
2 0.452793 0.41843 672
3 0.468117 0.425786 683
4 0.469105 0.428402 695
5 0.440929 0.452405 676
6 0.456747 0.433922 693
7 0.468611 0.424105 683
8 0.464656 0.427617 687
9 0.498764 0.425428 714
10 0.47306 0.43186 704
11 0.450816 0.412709 696
12 0.445872 0.442604 685
13 0.476026 0.426339 677
14 0.443895 0.422508 682
15 0.4696 0.412969 707
16 0.453287 0.427423 701
17 0.489372 0.430773 699
18 0.473554 0.428132 716
19 0.450816 0.422952 702
20 0.452299 0.422834 698
21 0.444884 0.415697 711
22 0.492832 0.428655 712
23 0.480969 0.4377 677
24 0.465151 0.426625 715
25 0.496293 0.435805 676
26 0.458725 0.414767 703
27 0.472565 0.434322 678
28 0.474543 0.42817 705
29 0.45823 0.434146 679
PRECISAO DO ENSEMBLE 0.547207
0 0.987519
1 0.971485
2 0.820371
3 0.912521
4 0.88981
5 0.876898
6 0.853252
7 0.920885
8 0.871524
9 0.959613
10 0.878821
11 0.885509
12 0.894564
13 0.911001
14 0.885088
15 0.99226
16 0.93584
17 0.936565
18 0.920988
19 0.915519
20 0.963464
21 0.898569
22 0.968085
23 0.939378
24 0.920015
25 0.926451
26 0.856712
27 0.89852
28 0.880517
29 0.887396

Geração 34

EXTERNO, INTERNO e N de FEATURES
0 0.467128 0.436606 694
1 0.47998 0.442375 663
2 0.464656 0.422286 691
3 0.445378 0.424363 701
4 0.481463 0.436078 697
5 0.468611 0.428766 692
6 0.457736 0.428043 696
7 0.484429 0.42629 699
8 0.445872 0.417027 692
9 0.460702 0.415352 701
10 0.482946 0.429678 699
11 0.462679 0.42779 683
12 0.470094 0.420636 685
13 0.441424 0.424834 680
14 0.477509 0.431307 665
15 0.472565 0.423213 695
16 0.450321 0.431001 702
17 0.462679 0.434321 659
18 0.455264 0.424017 680
19 0.471577 0.419101 699
20 0.475531 0.427191 690
21 0.476026 0.430985 705
22 0.457736 0.427187 685
23 0.473554 0.421299 707
24 0.494315 0.434389 713
25 0.47306 0.435015 672
26 0.459219 0.433057 708
27 0.482946 0.439698 690
28 0.435986 0.415605 680
29 0.424617 0.416932 689
PRECISAO DO ENSEMBLE 0.551656
0 0.969343
1 0.990652
2 0.87729
3 0.878066
4 0.95778
5 0.889772
6 0.948837
7 0.91842
8 0.884897
9 0.919361
10 0.963687
11 0.879118
12 0.9099
13 0.888256
14 0.964344
15 0.919147
16 0.883972
17 0.88723
18 0.899388
19 0.987296
20 0.949773
21 1
22 0.952644
23 0.924548
24 0.953782
25 0.953558
26 0.833564
27 0.919932
28 0.876958
29 0.929138

Geração 35

EXTERNO, INTERNO e N de FEATURES
0 0.452793 0.418722 692
1 0.475037 0.423827 656
2 0.436975 0.412637 683
3 0.481463 0.428882 691
4 0.440929 0.42111 679
5 0.489867 0.436744 698
6 0.45131 0.418562 688
7 0.451804 0.425136 687
8 0.455264 0.427023 684
9 0.447355 0.422119 689
10 0.469105 0.434179 697
11 0.445378 0.435628 662
12 0.47998 0.429383 694
13 0.459219 0.4279 681
14 0.472071 0.428559 700
15 0.463174 0.426462 684
16 0.442412 0.414879 675
17 0.464656 0.43729 653
18 0.462185 0.429534 706
19 0.457736 0.434614 665
20 0.452299 0.43132 668
21 0.477014 0.433334 687
22 0.449333 0.41565 661
23 0.452299 0.429351 694
24 0.488384 0.425811 683
25 0.479486 0.426382 693
26 0.43302 0.41971 695
27 0.457736 0.420889 668
28 0.449333 0.425097 678
29 0.477014 0.421144 679
PRECISAO DO ENSEMBLE 0.554622
0 0.858738
1 0.913645
2 0.892462
3 0.994292
4 0.829074
5 0.998284
6 0.874817
7 0.846606
8 0.873316
9 0.895496
10 0.921196
11 0.913067
12 0.96641
13 0.941408
14 0.994803
15 0.880994
16 0.791761
17 0.963034
18 0.912016
19 0.979637
20 0.941207
21 0.946195
22 0.859187
23 0.946506
24 0.981233
25 0.979157
26 0.885706
27 0.873913
28 0.921713
29 0.830037

Geração 36

EXTERNO, INTERNO e N de FEATURES
0 0.479486 0.436737 684
1 0.457736 0.433143 665
2 0.452793 0.419722 699
3 0.453287 0.429817 669
4 0.431043 0.43813 669
5 0.4696 0.417336 681
6 0.43648 0.439032 674
7 0.489372 0.439049 669
8 0.480475 0.443948 681
9 0.455759 0.431552 638
10 0.489867 0.419872 693
11 0.450321 0.422593 661
12 0.45477 0.419426 674
13 0.438952 0.421532 701
14 0.4261 0.431205 670
15 0.465645 0.445987 675
16 0.465151 0.418142 686
17 0.504696 0.432427 702
18 0.458725 0.434455 667
19 0.424617 0.421572 671
20 0.438952 0.426323 677
21 0.463668 0.425961 702
22 0.4696 0.424 669
23 0.435492 0.419713 680
24 0.456253 0.418545 666
25 0.450816 0.428978 673
26 0.485912 0.435772 690
27 0.443895 0.425025 683
28 0.452299 0.431148 673
29 0.468611 0.433654 671
PRECISAO DO ENSEMBLE 0.553139
0 0.87025
1 0.850005
2 0.851133
3 0.901136
4 0.928282
5 0.903428
6 0.888163
7 0.932739
8 0.98617
9 0.867457
10 0.934544
11 0.971521
12 0.88052
13 0.886875
14 0.913166
15 0.922991
16 0.848485
17 0.982935
18 0.87081
19 0.929332
20 0.906268
21 0.924484
22 0.893894
23 0.836622
24 0.885863
25 0.918877
26 0.96915
27 0.879658
28 0.893257
29 0.902826

Geração 37

EXTERNO, INTERNO e N de FEATURES
0 0.468611 0.427866 680
1 0.435492 0.417334 670
2 0.475531 0.422499 670
3 0.437963 0.424597 667
4 0.457736 0.436925 639
5 0.450321 0.433201 663
6 0.471083 0.42992 683
7 0.444884 0.424406 682
8 0.454276 0.4213 670
9 0.453782 0.417581 664
10 0.436975 0.416602 657
11 0.450816 0.432685 668
12 0.450321 0.440675 666
13 0.477014 0.440017 675
14 0.45477 0.420533 677
15 0.484923 0.443669 660
16 0.450816 0.422867 659
17 0.443401 0.426148 689
18 0.453782 0.431428 671
19 0.473554 0.436647 670
20 0.472565 0.419423 691
21 0.450816 0.424486 681
22 0.493327 0.435641 676
23 0.455759 0.427858 659
24 0.450321 0.42564 691
25 0.463174 0.419039 676
26 0.438458 0.442633 665
27 0.457242 0.422814 674
28 0.446861 0.436319 672
29 0.44439 0.429057 666
PRECISAO DO ENSEMBLE 0.557588
0 0.861296
1 0.847528
2 0.929224
3 0.863989
4 0.852757
5 0.91025
6 0.885262
7 0.83663
8 0.876958
9 0.899804
10 0.843249
11 0.891292
12 0.881481
13 0.887564
14 0.880848
15 1
16 0.936211
17 0.859569
18 0.887213
19 0.930809
20 0.918547
21 0.837214
22 0.926554
23 0.847336
24 0.899721
25 0.867438
26 0.891732
27 0.854819
28 0.892157
29 0.79309

Geração 38

EXTERNO, INTERNO e N de FEATURES
0 0.440929 0.423889 663
1 0.471577 0.434441 659
2 0.475037 0.433692 688
3 0.480969 0.450361 678
4 0.462679 0.430514 672
5 0.458725 0.432913 650
6 0.489372 0.456341 639
7 0.455759 0.419484 671
8 0.475037 0.431577 670
9 0.445378 0.422211 666
10 0.446861 0.424173 655
11 0.462679 0.425213 647
12 0.476026 0.430953 664
13 0.473554 0.43004 664
14 0.45477 0.437971 668
15 0.474543 0.428033 649
16 0.456747 0.425436 700
17 0.454276 0.422567 670
18 0.445378 0.431295 667
19 0.463668 0.428469 687
20 0.450816 0.427864 689
21 0.453782 0.426182 677
22 0.450816 0.422997 685
23 0.435492 0.419776 678
24 0.45131 0.426916 673
25 0.42956 0.428389 649
26 0.455264 0.433106 688
27 0.461196 0.429602 657
28 0.456747 0.430822 650
29 0.424617 0.415166 655
PRECISAO DO ENSEMBLE 0.557588
0 0.91266
1 0.974863
2 0.891317
3 0.917633
4 0.921912
5 0.857541
6 0.944708
7 0.969441
8 0.947652
9 0.85508
10 0.906729
11 0.882315
12 0.962714
13 0.966579
14 0.949236
15 0.856371
16 0.913457
17 0.933962
18 0.957877
19 0.917689
20 0.872334
21 0.960973
22 0.908337
23 0.891113
24 0.910638
25 0.880105
26 0.936387
27 0.947932
28 0.989418
29 0.88146

Geração 39

EXTERNO, INTERNO e N de FEATURES
0 0.459713 0.435242 667
1 0.439446 0.457073 660
2 0.466139 0.437604 644
3 0.450321 0.426742 659
4 0.45131 0.426257 664
5 0.45477 0.432172 687
6 0.463174 0.436527 655
7 0.475531 0.432482 661
8 0.425111 0.437174 650
9 0.449827 0.437561 659
10 0.466139 0.421289 640
11 0.465645 0.419273 677
12 0.43648 0.433641 664
13 0.454276 0.424549 664
14 0.466139 0.44555 673
15 0.445378 0.432961 665
16 0.478992 0.421018 663
17 0.458725 0.41901 661
18 0.45131 0.426932 655
19 0.463174 0.436607 674
20 0.45477 0.430946 661
21 0.47306 0.441049 649
22 0.477509 0.438026 674
23 0.457242 0.429536 636
24 0.445872 0.432287 651
25 0.485912 0.435911 649
26 0.459219 0.425352 647
27 0.455264 0.427307 661
28 0.468611 0.419282 680
29 0.465151 0.448812 646
PRECISAO DO ENSEMBLE 0.54869
0 0.966913
1 0.895899
2 0.878158
3 0.919081
4 0.92005
5 0.898436
6 0.852537
7 0.923467
8 0.879566
9 0.875234
10 0.966917
11 0.862131
12 0.798703
13 0.869415
14 0.892092
15 0.955605
16 0.839482
17 0.887789
18 0.872101
19 0.915898
20 0.842678
21 0.941392
22 0.989721
23 0.884118
24 0.951409
25 0.940058
26 0.885635
27 0.920363
28 0.907776
29 0.91923

Geração 40

EXTERNO, INTERNO e N de FEATURES
0 0.461691 0.439162 677
1 0.460208 0.433224 634
2 0.466634 0.442934 658
3 0.459713 0.431165 662
4 0.485418 0.437815 674
5 0.470094 0.431476 676
6 0.441918 0.42766 668
7 0.484923 0.42524 670
8 0.471577 0.422472 689
9 0.446861 0.433016 664
10 0.446861 0.427085 657
11 0.410282 0.422746 671
12 0.445378 0.436143 646
13 0.45477 0.428431 651
14 0.488878 0.428072 650
15 0.45823 0.437575 660
16 0.460208 0.437626 655
17 0.471083 0.435535 640
18 0.44785 0.410108 657
19 0.460208 0.43616 648
20 0.435492 0.423505 683
21 0.464162 0.443662 650
22 0.462185 0.429948 674
23 0.467128 0.433861 647
24 0.455759 0.434788 628
25 0.464656 0.436602 652
26 0.455264 0.415961 633
27 0.459219 0.440114 659
28 0.435492 0.427079 695
29 0.494315 0.4362 678
PRECISAO DO ENSEMBLE 0.553139
0 0.941858
1 0.905473
2 0.894986
3 0.842645
4 0.835966
5 0.916663
6 0.899018
7 0.845494
8 0.851015
9 0.840734
10 0.850928
11 0.801277
12 0.825873
13 0.81909
14 0.879894
15 0.928916
16 0.855683
17 0.889355
18 0.840792
19 0.870826
20 0.796055
21 0.810832
22 0.861365
23 0.896477
24 0.804539
25 0.841484
26 0.836439
27 0.897693
28 0.835367
29 1

Geração 41

EXTERNO, INTERNO e N de FEATURES
0 0.491349 0.4609 672
1 0.452299 0.43181 672
2 0.454276 0.433136 664
3 0.478497 0.437677 664
4 0.446861 0.422723 671
5 0.472565 0.42783 672
6 0.439941 0.42235 661
7 0.431043 0.418206 666
8 0.465151 0.433813 641
9 0.443401 0.42869 683
10 0.463174 0.426552 656
11 0.435986 0.414904 655
12 0.484923 0.434921 677
13 0.446367 0.422847 655
14 0.45823 0.442229 665
15 0.445872 0.424111 633
16 0.471083 0.433977 662
17 0.472565 0.432094 657
18 0.458725 0.428564 665
19 0.458725 0.444438 668
20 0.445378 0.429412 646
21 0.441424 0.430133 628
22 0.48344 0.43204 650
23 0.441424 0.425159 693
24 0.451804 0.434673 637
25 0.459219 0.440378 673
26 0.455759 0.441511 678
27 0.478992 0.42586 673
28 0.467622 0.434031 646
29 0.463174 0.428915 666
PRECISAO DO ENSEMBLE 0.553633
0 1
1 0.951319
2 0.893204
3 0.877798
4 0.924364
5 0.809319
6 0.790762
7 0.796251
8 0.842148
9 0.812156
10 0.93786
11 0.811479
12 0.949355
13 0.79383
14 0.889211
15 0.86886
16 0.945183
17 0.98838
18 0.879663
19 0.869199
20 0.775356
21 0.85214
22 0.93981
23 0.928503
24 0.872989
25 0.927492
26 0.909251
27 0.906012
28 0.925014
29 0.848565

Geração 42

EXTERNO, INTERNO e N de FEATURES
0 0.491349 0.430959 671
1 0.47306 0.440458 661
2 0.481463 0.448891 674
3 0.467622 0.440814 652
4 0.423628 0.435253 661
5 0.488384 0.43782 651
6 0.459219 0.443085 665
7 0.503707 0.43977 654
8 0.465645 0.432111 666
9 0.453782 0.426076 667
10 0.478497 0.440247 668
11 0.489867 0.450803 652
12 0.430054 0.432071 656
13 0.446367 0.419225 693
14 0.456747 0.443319 638
15 0.460208 0.436467 680
16 0.470588 0.443141 676
17 0.454276 0.43087 656
18 0.47306 0.428022 665
19 0.449333 0.436139 660
20 0.424617 0.416142 661
21 0.448344 0.429088 638
22 0.490361 0.44615 649
23 0.471577 0.457618 657
24 0.47998 0.424267 695
25 0.471083 0.438447 668
26 0.475037 0.427219 677
27 0.474048 0.429665 665
28 0.4261 0.423517 658
29 0.474048 0.43892 674
PRECISAO DO ENSEMBLE 0.556599
0 0.912176
1 0.913943
2 0.893962
3 0.898325
4 0.831662
5 0.922416
6 0.917528
7 0.901918
8 0.871257
9 0.952764
10 0.954841
11 0.875083
12 0.842466
13 0.830992
14 0.84814
15 0.967949
16 0.98961
17 0.911923
18 0.893227
19 0.861692
20 0.793128
21 0.880008
22 0.967696
23 0.936874
24 0.998901
25 0.879176
26 0.936969
27 0.914269
28 0.822219
29 0.926152

Geração 43

EXTERNO, INTERNO e N de FEATURES
0 0.47652 0.434328 695
1 0.478003 0.435106 679
2 0.460702 0.430192 673
3 0.460702 0.430731 660
4 0.492338 0.444889 685
5 0.473554 0.433507 659
6 0.491844 0.434792 679
7 0.490361 0.454705 702
8 0.44439 0.418565 654
9 0.457242 0.41965 672
10 0.470588 0.434391 675
11 0.461196 0.427771 671
12 0.478497 0.429681 684
13 0.45477 0.429155 672
14 0.492338 0.429672 663
15 0.463174 0.419817 648
16 0.471083 0.433435 655
17 0.463668 0.428666 678
18 0.515077 0.429346 679
19 0.488878 0.440268 651
20 0.442907 0.429396 656
21 0.486901 0.44577 657
22 0.466139 0.431659 649
23 0.462679 0.426285 651
24 0.455759 0.437864 695
25 0.489867 0.442757 659
26 0.468611 0.435133 677
27 0.483935 0.432815 665
28 0.494315 0.427926 654
29 0.456253 0.448281 664
PRECISAO DO ENSEMBLE 0.560554
0 0.930046
1 0.959327
2 0.950883
3 0.773219
4 0.987169
5 0.917306
6 0.975689
7 0.974965
8 0.829635
9 0.913621
10 0.944849
11 0.944831
12 0.91745
13 0.836623
14 0.861215
15 0.933286
16 0.787757
17 0.994166
18 0.900657
19 0.955281
20 0.858969
21 0.942792
22 0.920262
23 0.833989
24 0.843745
25 0.908104
26 0.953934
27 0.964081
28 0.926024
29 0.94965

Geração 44

EXTERNO, INTERNO e N de FEATURES
0 0.480475 0.442098 675
1 0.486406 0.433571 681
2 0.467128 0.431334 664
3 0.445378 0.429104 661
4 0.490361 0.430274 643
5 0.464162 0.424963 667
6 0.457736 0.432249 645
7 0.456253 0.43458 671
8 0.475531 0.425145 655
9 0.47998 0.431894 652
10 0.463668 0.432586 690
11 0.460208 0.426956 691
12 0.45477 0.435949 659
13 0.493327 0.445187 668
14 0.454276 0.428427 671
15 0.487889 0.447419 673
16 0.465151 0.433615 659
17 0.487395 0.434176 680
18 0.478992 0.43047 686
19 0.495798 0.439024 662
20 0.482452 0.438772 690
21 0.478003 0.438829 655
22 0.467128 0.4423 677
23 0.455759 0.446131 639
24 0.443895 0.429874 674
25 0.479486 0.429456 642
26 0.445872 0.4295 687
27 0.467128 0.420814 693
28 0.468117 0.433938 662
29 0.499259 0.438106 671
PRECISAO DO ENSEMBLE 0.557093
0 0.918188
1 0.909105
2 0.893259
3 0.893588
4 0.896392
5 0.862122
6 0.905587
7 0.836182
8 0.757279
9 0.899016
10 0.876095
11 0.823433
12 0.923058
13 0.954598
14 0.924683
15 0.958294
16 0.878342
17 0.932929
18 0.987637
19 0.924912
20 0.899198
21 0.912246
22 0.91365
23 0.896505
24 0.765475
25 0.861034
26 0.817848
27 0.834293
28 0.899489
29 0.984917

Geração 45

EXTERNO, INTERNO e N de FEATURES
0 0.475531 0.439674 683
1 0.463668 0.447735 658
2 0.470094 0.427286 672
3 0.448838 0.447976 672
4 0.474543 0.429672 677
5 0.464162 0.430684 680
6 0.45823 0.435206 679
7 0.485912 0.445094 667
8 0.440435 0.43497 622
9 0.47998 0.437414 673
10 0.47998 0.438293 669
11 0.475531 0.441951 662
12 0.491349 0.436463 680
13 0.472565 0.439059 655
14 0.470094 0.442609 663
15 0.4696 0.436763 681
16 0.479486 0.439489 658
17 0.478497 0.434308 665
18 0.458725 0.43748 677
19 0.481957 0.432137 660
20 0.468117 0.430121 636
21 0.463174 0.432327 643
22 0.471083 0.446224 656
23 0.49481 0.440853 673
24 0.446367 0.420739 670
25 0.465645 0.428641 675
26 0.476026 0.430606 661
27 0.459219 0.440712 652
28 0.480475 0.432317 634
29 0.472071 0.442833 651
PRECISAO DO ENSEMBLE 0.554622
0 0.95928
1 0.90093
2 0.877412
3 0.947242
4 0.867035
5 0.882755
6 0.895966
7 0.960629
8 0.845209
9 0.985772
10 0.963111
11 0.934432
12 0.916869
13 0.859104
14 0.980384
15 0.970667
16 0.847075
17 0.94084
18 0.921297
19 0.961112
20 0.863858
21 0.916257
22 0.910951
23 0.867201
24 0.883633
25 0.879398
26 0.834698
27 0.743962
28 0.912703
29 0.895612

Geração 46

EXTERNO, INTERNO e N de FEATURES
0 0.478497 0.442028 672
1 0.479486 0.434415 660
2 0.446367 0.447104 654
3 0.482946 0.442591 671
4 0.454276 0.434427 673
5 0.477509 0.424789 672
6 0.453287 0.434431 682
7 0.499259 0.425508 687
8 0.496293 0.436499 663
9 0.441424 0.440963 666
10 0.475531 0.433597 678
11 0.461691 0.430388 663
12 0.486901 0.477429 694
13 0.45823 0.424642 652
14 0.493821 0.435639 667
15 0.484429 0.441376 667
16 0.47306 0.439227 683
17 0.449827 0.43511 681
18 0.438952 0.431404 674
19 0.452793 0.427221 672
20 0.475531 0.436107 667
21 0.499753 0.424895 669
22 0.485418 0.436577 673
23 0.44439 0.432061 674
24 0.480475 0.433607 680
25 0.457736 0.421899 664
26 0.44785 0.440416 665
27 0.47998 0.426484 699
28 0.49827 0.433464 663
29 0.452793 0.439386 675
PRECISAO DO ENSEMBLE 0.557093
0 0.95098
1 0.941292
2 0.928085
3 0.961997
4 0.877991
5 0.941185
6 0.991665
7 0.90311
8 0.998339
9 0.915381
10 0.944297
11 0.918588
12 0.946651
13 0.805334
14 0.97449
15 0.947974
16 0.939575
17 0.974553
18 0.896631
19 0.90514
20 0.972873
21 0.899592
22 0.968209
23 0.877693
24 0.96664
25 0.915548
26 0.818047
27 0.912044
28 0.922224
29 0.943069

Geração 47

EXTERNO, INTERNO e N de FEATURES
0 0.459713 0.436308 676
1 0.480969 0.458063 681
2 0.449333 0.437241 668
3 0.474048 0.442407 684
4 0.496293 0.433177 669
5 0.441424 0.426046 675
6 0.4696 0.426621 673
7 0.468117 0.442258 662
8 0.486901 0.426462 657
9 0.476026 0.446521 659
10 0.450816 0.432166 649
11 0.454276 0.42367 663
12 0.44785 0.433911 693
13 0.455759 0.441736 664
14 0.464656 0.424233 680
15 0.482452 0.431031 663
16 0.44785 0.430503 656
17 0.477509 0.450966 657
18 0.464162 0.431649 674
19 0.471083 0.443134 664
20 0.467622 0.440084 676
21 0.464656 0.431893 665
22 0.455759 0.448547 673
23 0.471083 0.441669 670
24 0.466634 0.441783 678
25 0.474048 0.430906 688
26 0.453287 0.452154 668
27 0.450321 0.429656 656
28 0.443401 0.429977 659
29 0.465645 0.444861 677
PRECISAO DO ENSEMBLE 0.543253
0 0.922183
1 0.876139
2 0.898707
3 0.898221
4 0.908181
5 0.885567
6 0.939079
7 0.880351
8 0.905616
9 0.891704
10 0.890596
11 0.89648
12 0.903207
13 0.906768
14 0.854328
15 0.905364
16 0.923523
17 0.940253
18 0.926179
19 0.886185
20 0.890151
21 0.930448
22 0.920596
23 0.865094
24 0.998582
25 0.935062
26 0.976861
27 0.89173
28 0.901675
29 0.970168

Geração 48

EXTERNO, INTERNO e N de FEATURES
0 0.4696 0.436286 678
1 0.470588 0.422535 699
2 0.438458 0.444151 660
3 0.471083 0.431816 652
4 0.47306 0.433489 660
5 0.4696 0.432448 684
6 0.468117 0.425303 646
7 0.477014 0.434081 682
8 0.486901 0.437868 671
9 0.459713 0.439513 643
10 0.481463 0.437663 692
11 0.4696 0.436183 692
