Carregando documentos....
2023 documentos carregados com 1311 termos.
Taxa de mutação de 0.05 e num de pais 5
Geração 1

EXTERNO, INTERNO e N de FEATURES
0 0.275334 0.56248 137
1 0.35047 0.480191 245
2 0.390509 0.433798 375
3 0.448838 0.456772 491
4 0.426594 0.425771 650
5 0.485418 0.419776 760
6 0.492832 0.430067 917
7 0.497281 0.413149 1058
8 0.474048 0.407428 1175
9 0.302027 0.559888 127
10 0.35047 0.480321 241
11 0.410776 0.435084 410
12 0.460702 0.427897 504
13 0.460702 0.423001 613
14 0.475531 0.423632 803
15 0.470588 0.422421 897
16 0.485912 0.420804 1058
17 0.474543 0.413442 1183
18 0.296095 0.572157 123
19 0.348987 0.481829 251
20 0.403856 0.434844 401
21 0.455759 0.447296 476
22 0.43302 0.409116 685
23 0.456747 0.418471 756
24 0.481957 0.424844 923
25 0.474048 0.410289 1053
26 0.50173 0.423934 1189
27 0.320316 0.527698 155
28 0.32872 0.469283 255
29 0.386555 0.433107 392
PRECISAO DO ENSEMBLE 0.556105
0 0.273859
1 0.464215
2 0.563047
3 0.746908
4 0.778229
5 0.856574
6 0.876635
7 0.926522
8 0.954223
9 0.336693
10 0.451252
11 0.617888
12 0.73139
13 0.798105
14 0.817184
15 0.878604
16 0.954518
17 0.850807
18 0.284083
19 0.454539
20 0.622744
21 0.770493
22 0.745915
23 0.74719
24 0.896425
25 0.911882
26 0.998718
27 0.344956
28 0.422733
29 0.54172

26
16
8
7
22
21
13
6
5
11
10
9
4
11
12
3
10
6
8
5
2
8
1
4
2
4
3
1
1
0
Geração 2

EXTERNO, INTERNO e N de FEATURES
0 0.510628 0.428456 1150
1 0.481957 0.415244 1028
2 0.47652 0.421512 1122
3 0.513594 0.428904 1029
4 0.450321 0.422576 684
5 0.505685 0.424684 821
6 0.487395 0.42274 798
7 0.457736 0.431675 815
8 0.427583 0.433767 493
9 0.419179 0.427658 584
10 0.439941 0.433972 564
11 0.377163 0.446843 366
12 0.426594 0.435558 575
13 0.426594 0.440492 475
14 0.374197 0.455118 319
15 0.464656 0.411132 890
16 0.411765 0.437275 523
17 0.342066 0.477922 271
18 0.383094 0.460741 424
19 0.440435 0.42903 581
20 0.430549 0.421069 578
21 0.486901 0.420301 1003
22 0.493327 0.418487 1126
23 0.450816 0.423304 647
24 0.416708 0.484392 387
25 0.394464 0.454677 374
26 0.428077 0.444488 545
27 0.495798 0.430291 1066
28 0.487889 0.419353 1095
29 0.398913 0.46014 383
PRECISAO DO ENSEMBLE 0.557588
0 1
1 0.829739
2 0.919102
3 0.801323
4 0.639849
5 0.785517
6 0.761461
7 0.761133
8 0.610073
9 0.704118
10 0.707195
11 0.525074
12 0.656696
13 0.671342
14 0.549575
15 0.732442
16 0.62589
17 0.426715
18 0.590436
19 0.70708
20 0.650901
21 0.85641
22 0.929548
23 0.720647
24 0.562521
25 0.580804
26 0.701295
27 0.91641
28 0.910803
29 0.55988

0
21
1
24
24
19
0
0
1
1
1
8
13
3
10
2
12
4
3
7
0
3
0
3
4
3
3
1
0
0
Geração 3

EXTERNO, INTERNO e N de FEATURES
0 0.531883 0.421569 1103
1 0.493327 0.422289 968
2 0.497776 0.424821 997
3 0.432526 0.445933 412
4 0.398913 0.477578 408
5 0.478992 0.417122 1060
6 0.485912 0.427447 1034
7 0.478003 0.419826 891
8 0.457242 0.41098 699
9 0.484923 0.419891 986
10 0.465151 0.420021 985
11 0.421157 0.430257 497
12 0.491349 0.421681 898
13 0.471083 0.427141 689
14 0.461691 0.417436 923
15 0.49481 0.431011 1093
16 0.483935 0.422728 999
17 0.485912 0.417441 997
18 0.468611 0.436093 1076
19 0.509639 0.416023 998
20 0.497776 0.41766 983
21 0.493821 0.413125 1022
22 0.470094 0.413668 1053
23 0.503213 0.42145 1074
24 0.496787 0.422406 986
25 0.493821 0.422391 1033
26 0.472565 0.417921 1030
27 0.486406 0.42115 1068
28 0.494315 0.417774 1044
29 0.478992 0.41992 967
PRECISAO DO ENSEMBLE 0.562531
0 0.927631
1 0.898814
2 0.860264
3 0.605922
4 0.610443
5 0.848409
6 0.970761
7 0.76991
8 0.779672
9 0.866728
10 0.868765
11 0.617832
12 0.817262
13 0.804712
14 0.859749
15 1
16 0.807107
17 0.888994
18 0.958721
19 0.880404
20 0.876637
21 0.879546
22 0.798702
23 0.900575
24 0.837883
25 0.86255
26 0.851011
27 0.92712
28 0.92609
29 0.925997

15
6
16
0
23
23
23
19
0
13
13
14
13
7
6
13
0
8
11
2
9
5
6
5
5
3
2
2
1
0
Geração 4

EXTERNO, INTERNO e N de FEATURES
0 0.54523 0.424976 1063
1 0.487889 0.415866 998
2 0.469105 0.429244 946
3 0.495304 0.428961 1070
4 0.513594 0.429216 1046
5 0.541275 0.425051 1014
6 0.531883 0.42038 975
7 0.452793 0.401946 835
8 0.488384 0.416582 1025
9 0.456747 0.413839 959
10 0.455759 0.436501 996
11 0.499259 0.433164 1070
12 0.514088 0.433143 1064
13 0.478992 0.414434 1031
14 0.502224 0.427968 996
15 0.449333 0.414583 1014
16 0.482946 0.413599 993
17 0.471577 0.423913 822
18 0.457736 0.443101 630
19 0.500741 0.411694 963
20 0.514088 0.423629 1031
21 0.521008 0.422485 1022
22 0.472565 0.425627 990
23 0.506179 0.411976 1032
24 0.497281 0.444517 878
25 0.477014 0.420507 757
26 0.438952 0.426904 698
27 0.493327 0.42358 1003
28 0.492832 0.422302 955
29 0.449827 0.420212 667
PRECISAO DO ENSEMBLE 0.567968
0 0.966656
1 0.851352
2 0.845511
3 0.864592
4 0.971134
5 0.920027
6 0.879579
7 0.726989
8 0.830476
9 0.893498
10 0.909138
11 0.923089
12 0.996922
13 0.862379
14 0.846774
15 0.852568
16 0.926547
17 0.772099
18 0.744968
19 0.8635
20 0.942353
21 0.856409
22 0.857703
23 0.86366
24 0.904401
25 0.760729
26 0.765634
27 0.915914
28 0.943621
29 0.680698

12
4
0
25
17
13
9
3
20
7
16
6
3
2
12
9
4
9
8
5
0
3
0
1
1
3
2
1
0
0
Geração 5

EXTERNO, INTERNO e N de FEATURES
0 0.522491 0.423445 1017
1 0.472565 0.421226 1002
2 0.485912 0.425078 1031
3 0.485418 0.423384 735
4 0.455264 0.422173 800
5 0.461691 0.415331 889
6 0.466634 0.420647 879
7 0.516065 0.425354 1003
8 0.477014 0.410126 1018
9 0.47652 0.425922 978
10 0.514088 0.412939 979
11 0.498764 0.429077 988
12 0.493821 0.422388 1018
13 0.491349 0.432493 940
14 0.472565 0.415585 980
15 0.479486 0.454329 1018
16 0.489372 0.416165 989
17 0.491844 0.43091 943
18 0.463668 0.4212 757
19 0.487395 0.429759 971
20 0.497776 0.429592 1000
21 0.469105 0.417599 982
22 0.514582 0.421332 983
23 0.506673 0.439766 751
24 0.475531 0.424591 985
25 0.460702 0.418463 956
26 0.467128 0.412859 922
27 0.497281 0.420482 1029
28 0.482946 0.426573 1007
29 0.475037 0.42087 933
PRECISAO DO ENSEMBLE 0.565991
0 0.923112
1 0.911577
2 0.934915
3 0.831671
4 0.708089
5 0.899689
6 0.820804
7 0.929877
8 0.933275
9 0.866899
10 0.816761
11 0.986275
12 0.989977
13 0.893267
14 0.856558
15 0.911309
16 0.911524
17 0.902104
18 0.87254
19 0.797551
20 0.952663
21 0.925313
22 0.787565
23 0.810605
24 0.880941
25 0.836384
26 0.798851
27 0.904005
28 0.849254
29 0.871875

12
11
18
2
7
6
15
0
0
9
8
16
8
2
5
10
6
12
3
4
9
7
0
1
1
3
3
1
1
0
Geração 6

EXTERNO, INTERNO e N de FEATURES
0 0.522491 0.429545 990
1 0.495798 0.417332 944
2 0.492338 0.441045 745
3 0.489372 0.420233 990
4 0.502719 0.430835 968
5 0.500741 0.439255 990
6 0.470588 0.414533 937
7 0.472565 0.429943 733
8 0.468611 0.415646 736
9 0.461691 0.427538 820
10 0.515571 0.424879 949
11 0.461196 0.436237 970
12 0.4696 0.427106 866
13 0.493327 0.419723 984
14 0.484923 0.414164 981
15 0.460208 0.4128 956
16 0.494315 0.409974 978
17 0.45823 0.420808 928
18 0.446367 0.410687 817
19 0.498764 0.424703 965
20 0.492338 0.421076 727
21 0.48344 0.420058 940
22 0.498764 0.421161 959
23 0.45823 0.432166 653
24 0.478992 0.430995 894
25 0.506673 0.420832 960
26 0.491844 0.426363 982
27 0.497281 0.422343 947
28 0.47306 0.422461 969
29 0.492832 0.417167 961
PRECISAO DO ENSEMBLE 0.567474
0 0.93617
1 0.955015
2 0.861972
3 0.926828
4 0.958133
5 0.935951
6 0.815606
7 0.861693
8 0.829612
9 0.840708
10 0.904773
11 0.906658
12 0.765274
13 0.942369
14 0.881498
15 0.945455
16 0.982544
17 0.856934
18 0.725429
19 0.90534
20 0.874932
21 0.881707
22 0.969493
23 0.717036
24 0.86713
25 0.970006
26 0.9473
27 1
28 0.861716
29 0.910598

27
16
24
21
4
1
21
13
11
0
2
1
17
6
10
5
10
6
8
9
0
8
1
4
2
1
0
0
0
0
Geração 7

EXTERNO, INTERNO e N de FEATURES
0 0.517548 0.431078 924
1 0.48344 0.423536 946
2 0.481463 0.425891 878
3 0.470588 0.429467 913
4 0.491844 0.423719 937
5 0.484923 0.427302 915
6 0.477014 0.420495 841
7 0.503213 0.421326 936
8 0.47998 0.412633 899
9 0.484429 0.43354 908
10 0.471577 0.432137 909
11 0.478992 0.426036 958
12 0.512111 0.430531 952
13 0.492832 0.429301 867
14 0.463174 0.430089 784
15 0.493821 0.424157 946
16 0.500741 0.426706 900
17 0.50173 0.440547 949
18 0.475531 0.417651 720
19 0.511122 0.425488 876
20 0.517548 0.419637 894
21 0.493821 0.426453 970
22 0.500741 0.422394 909
23 0.480475 0.412246 917
24 0.474048 0.425387 737
25 0.496293 0.419559 916
26 0.47652 0.425973 952
27 0.509145 0.410559 969
28 0.486901 0.432093 731
29 0.495798 0.414823 922
PRECISAO DO ENSEMBLE 0.566485
0 0.909101
1 0.831505
2 0.837355
3 0.895735
4 0.930661
5 0.884813
6 0.872836
7 0.938206
8 0.837186
9 0.862104
10 0.935662
11 0.901584
12 1
13 0.941324
14 0.81827
15 0.887238
16 0.928747
17 0.963736
18 0.779616
19 0.86737
20 0.826333
21 0.911578
22 0.937034
23 0.836982
24 0.846555
25 0.861965
26 0.88691
27 0.868457
28 0.863222
29 0.9051

12
16
12
7
18
9
4
11
14
0
19
7
2
7
13
2
2
11
6
10
3
8
7
1
1
4
0
2
0
0
Geração 8

EXTERNO, INTERNO e N de FEATURES
0 0.499753 0.427271 926
1 0.47652 0.419571 878
2 0.482946 0.427862 924
3 0.470588 0.42992 906
4 0.487395 0.43952 708
5 0.502224 0.426121 858
6 0.460208 0.415128 898
7 0.487395 0.425837 833
8 0.479486 0.432144 873
9 0.48344 0.424054 869
10 0.463668 0.439872 873
11 0.494315 0.42252 905
12 0.498764 0.433977 885
13 0.498764 0.435159 911
14 0.495798 0.427817 921
15 0.475037 0.422784 906
16 0.522986 0.423653 883
17 0.493327 0.430546 886
18 0.515571 0.43427 875
19 0.481957 0.433779 850
20 0.475531 0.427981 867
21 0.488878 0.426302 875
22 0.493327 0.422169 859
23 0.499259 0.429022 891
24 0.49827 0.435368 908
25 0.49481 0.426461 877
26 0.478497 0.429527 884
27 0.482452 0.431175 853
28 0.509145 0.430357 884
29 0.490855 0.421989 828
PRECISAO DO ENSEMBLE 0.564014
0 0.912496
1 0.857216
2 0.958257
3 0.877912
4 0.782305
5 0.829365
6 0.776564
7 0.767663
8 0.903912
9 0.827105
10 0.904735
11 0.952319
12 0.934814
13 0.908325
14 0.895186
15 0.928211
16 0.858363
17 0.865989
18 1
19 0.819593
20 0.769724
21 0.862948
22 0.9086
23 0.8484
24 0.894861
25 0.888162
26 0.839454
27 0.878658
28 0.939036
29 0.837545

18
2
10
25
10
12
0
16
9
8
6
7
13
13
14
1
7
9
6
0
7
7
7
1
3
3
0
0
1
0
Geração 9

EXTERNO, INTERNO e N de FEATURES
0 0.486901 0.427391 850
1 0.483935 0.433059 919
2 0.492832 0.422449 848
3 0.4696 0.423554 836
4 0.505685 0.424965 857
5 0.49827 0.430726 844
6 0.47998 0.423219 882
7 0.481463 0.436712 861
8 0.506673 0.430277 823
9 0.502719 0.430783 898
10 0.478992 0.432687 852
11 0.519525 0.428159 832
12 0.485912 0.427273 849
13 0.500741 0.431969 861
14 0.474543 0.415995 834
15 0.485912 0.434493 872
16 0.459713 0.438763 883
17 0.487889 0.427639 859
18 0.489372 0.425376 854
19 0.48344 0.4332 862
20 0.479486 0.425448 861
21 0.511122 0.425146 839
22 0.484429 0.417517 865
23 0.497281 0.424888 885
24 0.486901 0.422664 879
25 0.503213 0.428273 826
26 0.49481 0.43092 884
27 0.478003 0.426694 895
28 0.488384 0.431652 880
29 0.492338 0.420832 808
PRECISAO DO ENSEMBLE 0.571429
0 0.99835
1 0.976997
2 0.903426
3 0.90733
4 0.953086
5 0.89391
6 0.905688
7 0.918263
8 0.959205
9 0.969446
10 0.906318
11 0.899719
12 0.860785
13 0.930245
14 0.926037
15 0.985712
16 0.945246
17 0.839897
18 0.918777
19 0.938539
20 0.910832
21 0.889191
22 0.964803
23 0.883096
24 0.965104
25 0.927161
26 0.887913
27 0.893224
28 0.965167
29 0.86847

0
14
0
7
24
20
18
6
2
10
12
8
14
8
9
4
8
1
3
2
0
1
0
5
2
3
2
2
0
0
Geração 10

EXTERNO, INTERNO e N de FEATURES
0 0.467128 0.414764 828
1 0.482946 0.426717 809
2 0.481463 0.437167 836
3 0.500741 0.419039 842
4 0.487395 0.422334 850
5 0.476026 0.428487 829
6 0.472565 0.437691 867
7 0.4696 0.436388 809
8 0.464162 0.414263 819
9 0.488878 0.42607 809
10 0.504202 0.433355 838
11 0.496787 0.410683 842
12 0.484923 0.420352 797
13 0.478992 0.428225 821
14 0.494315 0.431969 809
15 0.474048 0.424361 838
16 0.477014 0.419869 815
17 0.449333 0.410149 847
18 0.51656 0.431717 844
19 0.474543 0.42326 827
20 0.485912 0.445437 856
21 0.47306 0.416775 856
22 0.502224 0.435014 837
23 0.506179 0.428242 832
24 0.4696 0.423136 827
25 0.487889 0.42837 841
26 0.47652 0.4223 828
27 0.484923 0.423661 826
28 0.500741 0.433375 816
29 0.464162 0.432036 828
PRECISAO DO ENSEMBLE 0.57736
0 0.821404
1 0.880886
2 0.934762
3 0.84885
4 0.877783
5 0.884275
6 0.918305
7 0.887717
8 0.775602
9 0.893012
10 0.951846
11 0.914721
12 0.85973
13 0.929376
14 0.892172
15 0.955544
16 0.868126
17 0.839833
18 0.910189
19 0.776123
20 0.921539
21 0.932453
22 0.788287
23 0.988518
24 0.979007
25 0.983488
26 0.89696
27 0.94055
28 0.978988
29 0.909332

23
24
23
25
15
10
22
2
18
11
16
5
8
12
15
14
7
8
5
4
1
2
4
3
1
2
0
2
1
0
Geração 11

EXTERNO, INTERNO e N de FEATURES
0 0.494315 0.423773 821
1 0.480475 0.424082 804
2 0.500741 0.425575 815
3 0.512605 0.421006 815
4 0.473554 0.456344 813
5 0.47652 0.414909 822
6 0.485418 0.422867 831
7 0.470094 0.426682 790
8 0.496787 0.428548 817
9 0.494315 0.438674 823
10 0.461691 0.440342 818
11 0.486406 0.424517 808
12 0.488384 0.432917 797
13 0.475037 0.431384 822
14 0.497776 0.433728 844
15 0.495304 0.428662 855
16 0.465645 0.421569 799
17 0.499259 0.425923 804
18 0.49827 0.429152 797
19 0.490361 0.436404 827
20 0.507662 0.448539 805
21 0.519031 0.430278 789
22 0.482452 0.426275 864
23 0.461196 0.426 814
24 0.48344 0.433172 775
25 0.513099 0.429216 809
26 0.473554 0.427854 823
27 0.509145 0.441956 818
28 0.480969 0.43625 799
29 0.468117 0.42014 821
PRECISAO DO ENSEMBLE 0.57044
0 0.901255
1 0.870673
2 0.916447
3 0.865413
4 0.888809
5 0.853737
6 0.786367
7 0.899854
8 0.935535
9 0.983359
10 0.853089
11 0.838305
12 0.84677
13 0.926296
14 0.94843
15 0.899105
16 0.910954
17 0.853926
18 0.897474
19 0.95293
20 0.905565
21 0.999371
22 0.858892
23 0.775454
24 0.860693
25 0.887211
26 0.888172
27 0.866413
28 0.833194
29 0.921893

21
9
18
13
8
11
23
2
11
13
0
5
8
9
2
12
11
0
10
0
8
6
5
0
1
2
1
2
0
0
Geração 12

EXTERNO, INTERNO e N de FEATURES
0 0.479486 0.4248 757
1 0.509639 0.428887 802
2 0.489372 0.421461 803
3 0.499259 0.4304 806
4 0.490361 0.44157 788
5 0.495304 0.432746 809
6 0.491844 0.429828 774
7 0.473554 0.428444 799
8 0.472071 0.434807 780
9 0.482946 0.43079 799
10 0.478992 0.432322 785
11 0.493821 0.436741 803
